7081.671342 479.198628
3033.461306 171.752431
3982.474384 2641.721472
1103.699024 508.816931
2994.616053 2143.295152
4491.268019 58.767296
5647.346258 735.804743
690.837507 353.454571
5912.901491 2024.010528
5505.959672 346.083281
2542.376240 1698.860575
502.851393 528.796069
3800.870705 2972.276289
4381.344954 1637.181128
5553.438121 35.272627
3147.139945 2054.043784
1286.178138 2472.240500
5564.490541 2107.461009
5284.904927 2667.275826
6540.694849 311.808391
4526.427442 1412.785147
926.439217 1069.509478
5371.474725 646.910690
3557.410123 1513.750486
6677.303044 625.347917
4649.584418 687.871714
5810.521230 2060.974326
3041.669455 844.556773
5083.126534 2969.205764
6204.344752 1254.625862
11.195973 740.593878
771.674111 518.949646
532.085941 2534.465861
6566.026636 2326.796349
5504.354213 2242.688594
6596.511849 1012.312660
1638.684349 9.180426
5204.555347 2804.063630
1640.227789 504.786187
3294.535287 327.012333
2825.335259 177.647882
2537.210117 454.342594
5596.555518 2231.551829
3247.248417 1271.872820
5501.893978 780.637266
6316.246704 2205.235982
3803.077859 2835.168328
6810.464069 1734.065521
5924.085468 2350.596281
2652.154672 1571.375872
3983.212184 699.466607
6459.221332 2248.758613
1771.617583 1665.510672
5132.055607 1364.738150
5425.742145 370.636356
4229.376209 300.430962
1370.710595 2706.634530
1886.933889 2786.906445
4845.465894 2053.672924
2646.948162 1138.943947
7085.775474 585.277945
860.449820 1355.541333
1051.115678 68.365554
224.017133 2790.080460
6047.404592 1150.468722
3403.640826 1012.246709
4624.838322 945.144862
652.513305 2558.582363
6526.638834 2313.827565
2308.301281 1780.952392
6711.159803 2615.070996
5203.458383 232.748159
5804.263811 2836.156909
49.136508 1259.891881
4724.574578 1078.433868
5997.089571 1724.140021
4159.279536 2743.015758
199.203382 2084.158086
7028.453280 169.288206
4685.596360 2230.343147
3299.392320 235.694873
606.474640 169.692256
2952.099341 503.595178
6820.686548 791.495269
7043.556858 651.595130
6431.119150 2501.886663
666.665311 1653.831012
6836.587056 2588.371649
3724.969802 2754.289427
2120.658820 379.817750
2081.808235 247.099356
5259.894428 2496.435108
7475.287785 2183.639124
3951.482985 2801.496425
5882.318325 454.831737
5079.598930 672.684257
1726.316529 2274.429428
2105.941284 1871.366348
6945.061516 570.651131
6657.154042 2595.447348
3055.615657 2235.309277
5243.335025 1488.912387
2222.850718 1831.968833
2693.210089 2379.128208
3965.645646 1925.547564
6897.364900 2418.981552
5431.617301 1862.903730
4788.541652 2162.762033
2616.357135 496.009853
4910.646144 399.470183
2377.103976 996.098028
2680.386102 1641.368202
676.318637 1914.530955
1281.836371 48.552060
6212.955216 175.596165
6609.998520 707.428348
6027.263605 1741.333417
5490.851840 300.045728
1433.255620 273.624770
6697.934843 2159.560506
5497.930836 2438.119896
3946.355147 1371.819255
3252.559061 493.958718
1336.453215 2347.566479
2474.921428 2498.839744
6867.591657 1940.810162
1237.344426 819.191102
1455.445908 765.465225
6834.305143 1094.912912
2035.043211 2218.904142
3176.272692 458.016691
7315.831227 681.414517
5498.375272 2122.673226
2453.650617 2772.652357
5990.744990 660.634183
4830.532158 1595.470329
246.885193 510.754920
7418.223959 1399.777702
2511.784096 501.870870
1868.360451 1994.682210
1.776530 494.380842
2338.730924 495.648384
3283.929860 1517.670733
3152.784022 1047.294000
6531.459116 2075.130895
665.495351 883.092722
6332.868965 192.530630
3911.268102 1732.497693
5788.009639 2545.967487
3762.875125 1711.501850
516.504172 437.362912
767.430448 305.355746
2370.294580 274.261762
4262.833619 1952.831470
1940.331579 2452.477628
2368.784196 776.843245
7367.146175 1883.006048
3181.229072 1260.430412
1001.691954 2533.605238
5769.311031 13.260426
4021.840328 2573.922554
2240.882871 1141.883717
6916.132959 2460.860389
7185.953526 2081.657039
5017.069688 1379.531459
1982.897219 2213.429544
4542.235927 1100.131067
6296.963224 2765.012203
3435.982075 1223.918737
4294.609180 2150.525461
1690.990910 2665.357351
7318.421766 623.254834
3870.908498 1199.860334
4709.213116 1949.040181
1833.663929 1191.409659
4905.751517 2342.201703
1913.330528 2858.653755
1210.213546 531.785393
5798.785361 358.466829
6533.606081 1326.342018
4344.995720 406.601320
1349.428904 554.892659
3766.830968 58.556850
799.762152 2881.125217
3206.188969 2037.748534
5079.126697 1958.871953
4257.764709 1959.019384
6455.316968 251.469281
397.199295 1465.812032
5501.273654 892.345290
6643.054228 1162.810067
586.367478 422.553901
2553.659556 718.632411
2385.848239 340.977966
2692.748100 567.781727
4168.299959 2815.097528
2435.957617 2207.091545
924.975464 2481.115435
5664.120992 689.895048
5905.601628 548.123983
6819.108955 1393.891329
6267.489840 1430.749464
882.276781 2089.122722
4205.546866 511.790430
1387.336886 882.728207
3510.339300 212.156444
5113.845689 1638.682711
1586.775865 67.002097
5893.287806 1589.049642
1019.950156 434.414361
5392.078421 2075.300046
623.779722 131.214415
3205.978978 619.502074
6530.824627 548.039987
3273.492805 1974.570501
2740.409924 1037.040703
921.154573 603.159906
6169.475420 721.372542
6730.706569 1150.008913
3082.907431 247.217381
5081.842800 2637.298692
1148.434565 1078.275394
3189.953505 1094.084172
2863.193727 633.296524
6707.834535 1553.257553
2669.277213 1839.965181
1571.393997 1317.222774
4927.948990 1910.949190
4841.812125 1583.509445
6147.472942 246.121971
1395.199865 555.153145
3207.906686 926.541775
2895.782626 750.952841
4119.785793 850.595678
4752.404386 2881.077290
2744.532647 933.698873
6295.939951 1557.186885
5029.935671 794.357381
6628.177642 157.251758
3569.134764 2334.404869
4276.273282 2495.364792
2935.925125 2339.066912
2031.468913 145.549645
3125.040251 2749.312415
4322.647729 709.005276
7488.585968 2287.139038
3160.396051 1278.597060
534.202029 2422.471472
5073.874753 1861.595129
682.667872 930.511654
4356.681043 1370.880208
4660.526318 1261.048396
7320.167734 876.184795
5138.514444 2579.338149
2583.591385 483.059683
4784.357545 2743.945867
7446.061189 88.113067
5207.531942 791.012039
584.156779 333.028876
1350.811136 1962.721803
2605.085379 535.758840
3124.652099 2306.192572
4535.889751 1463.541651
4321.660107 843.905800
812.841948 2001.731192
4436.043637 2067.809196
931.528499 638.627981
822.143978 300.678492
3787.031941 2384.263370
7200.041602 2548.249331
7168.307633 1793.759657
5730.487990 2845.747527
4704.681811 1375.207971
1591.898913 2115.535437
4270.592119 1177.084019
2695.643097 2750.270999
4282.107149 2328.118080
5141.158924 527.198759
1979.149325 785.127612
3427.761398 1116.796510
6967.147010 145.522012
461.514263 159.470202
1960.374986 513.463298
1150.371734 2298.962771
7244.316669 340.165334
4618.030251 2765.049719
5334.812480 1139.407295
6526.993112 1015.797716
6286.538166 247.556809
328.332880 1222.852112
3561.602074 1209.590391
2432.807775 137.483688
1344.271174 29.586678
1661.706119 1329.368201
2036.785725 2035.787007
6115.411778 601.573094
5453.272552 2630.770416
1902.608240 2965.459015
360.584281 1221.191991
5661.054462 41.960379
3903.393314 1111.633884
7017.525245 695.282316
5627.602947 2417.807341
4277.700081 1765.656444
6663.410378 1842.413184
7471.271390 1090.004979
130.008938 961.631665
3068.721667 589.712044
2478.045856 1892.171115
4797.700613 1805.932634
2319.895304 1365.244955
6018.764320 109.267141
2490.038428 168.549023
186.815386 1140.249084
3474.352535 2339.147940
2955.523660 2951.098340
1126.954555 989.219560
1615.951639 2701.823001
1017.567254 2357.460688
3668.698607 72.391051
2999.684680 1455.987998
2905.990076 1251.877447
6044.049155 2389.884697
4603.973729 408.838003
3205.139530 760.669737
5536.926593 2210.013934
5314.786730 1622.276364
5798.202686 121.930062
4477.063470 2394.007229
3155.447868 180.566400
4332.887918 2444.388611
329.161850 2183.936989
1084.020425 778.045396
4714.399971 840.635071
338.765206 353.239430
2282.565307 1335.379955
4523.068568 2075.422153
6468.143505 1226.847088
3663.267127 1428.846894
4089.212728 2747.362663
5473.791576 850.455728
4893.441488 1315.431321
6181.830230 1276.657668
3593.403461 1263.557478
1676.662239 2699.540532
3610.309701 2403.820063
5359.822853 1575.788620
3969.392626 2577.537311
5884.585040 473.517037
1045.430956 2489.340098
2066.891168 1331.198505
2061.800132 2635.983894
1016.551647 411.977453
2157.077453 1871.927509
4602.060867 2498.516072
4048.225428 1030.340976
872.429498 576.666765
5864.430747 2821.703893
4633.311082 783.133682
2713.153424 2523.989328
1206.685530 2529.385250
4819.523474 2626.603353
2762.934672 515.566439
5510.351657 459.007883
2472.708690 2622.313045
7370.869957 1815.839943
2383.778876 773.068034
3629.559590 1360.132209
2962.613719 2314.654817
580.149293 25.869835
4532.927220 1851.349888
2640.527027 2162.142688
6070.041633 401.983108
4959.616449 1281.341084
2962.791975 69.107948
2013.326029 1667.791002
6496.232998 2733.139801
3235.985884 703.667066
621.765596 498.535016
2906.687377 1237.789714
302.120150 1111.022933
134.074140 1074.359611
4710.227417 1505.453492
6086.229550 69.136453
2050.270769 2666.551537
237.515720 2633.279195
3794.753560 1151.217100
4488.554706 945.918076
3883.000521 779.268461
5568.147900 2738.317000
2120.941025 32.589570
3515.270000 446.869608
6914.323428 2700.502355
2876.341685 14.435608
497.593425 2313.211625
3130.563307 319.885430
1060.586391 1305.854979
3485.612605 2308.325523
7028.271176 828.736861
5943.654945 631.416777
1238.220995 2472.468266
661.739930 2013.189822
1559.213412 2060.117854
7397.769748 2176.885575
7098.465791 2186.367058
4788.006432 687.762725
5547.391573 321.310572
2836.580832 1984.685999
54.532313 2285.169007
4997.804023 220.850295
3995.951580 251.346931
1351.839316 2022.615188
3893.004776 1934.980769
3327.351779 1368.510380
6909.294073 708.402688
4999.817894 259.006026
452.177382 2264.623129
5680.489623 804.556319
3311.852456 2231.303747
7453.604734 1164.127297
3544.177008 1896.644465
4629.725056 636.627431
5544.887592 2986.522355
6553.283580 2239.767963
5679.228405 1620.435040
6151.545646 870.071993
4679.454926 1.353983
7231.717952 428.983879
4840.836880 1223.627891
4493.735651 1700.052381
4830.076448 797.421417
4897.646018 2112.901533
155.111362 1231.254255
7293.644630 1386.785527
1156.395001 2898.899744
6377.282064 1880.228805
4488.860520 1402.802847
6292.140592 1013.499243
3473.313004 2138.169667
633.168012 661.016562
1896.511764 2713.885465
3827.721388 2630.386677
6788.098620 1423.775735
148.426389 1651.574200
6618.509068 1856.864816
879.066450 1579.434205
6635.715582 2310.684987
1730.839341 2716.330777
1354.848105 609.793587
2757.790760 1004.497243
1271.733324 654.029128
7211.815120 2304.237538
5142.079938 2401.582285
794.341952 446.157175
3849.379876 571.003986
2767.934344 2298.356658
712.223623 2638.262293
4821.858334 0.128897
2655.095068 1988.113889
4129.257742 709.441653
2112.446762 2003.329677
5722.189644 499.264936
3285.036656 2981.211595
538.989284 1855.953904
1477.512952 1318.712018
7151.127871 1099.698512
4931.852865 2745.177195
1009.840121 1029.573120
5366.898695 721.672829
3689.325741 686.511428
3231.692041 2582.904034
7462.170215 1577.566265
5552.915817 1913.611418
3944.237906 283.204353
2254.313264 229.398258
2481.615014 1746.704011
5581.819836 281.521862
5614.922371 546.742596
656.833639 2461.564662
6006.741252 853.738638
1950.691695 2263.147648
4883.592874 2753.017824
5020.812106 2357.373198
1956.477356 1155.084319
197.615067 2258.321239
4603.989369 1371.722843
4603.063182 1826.463832
7373.222772 1062.391598
1850.188122 1526.984271
3363.989877 1641.800556
4390.956321 2338.241956
971.261412 989.110463
6549.409545 2634.473513
3839.632648 2882.497275
5240.095434 938.549559
1840.589777 2876.314851
504.243016 2689.673060
6573.331685 2210.022049
5117.615642 411.923616
912.765916 2126.092284
6675.612138 2206.702115
1244.537813 1511.470127
2582.914864 447.104234
6434.654312 1773.241196
4935.221262 919.457674
1037.604375 730.471032
644.249074 803.546315
4298.953737 2877.463449
1095.049570 255.434553
6899.901805 2534.058002
2984.960282 496.196632
6025.932133 1395.681319
464.674226 2039.705526
1514.258416 2232.915947
6129.072855 970.809733
3397.520577 2121.873997
443.779616 1856.823356
1583.360306 1210.677793
5759.818976 207.205847
7459.797473 1278.016094
2816.658805 398.960738
5021.217818 1384.363153
3006.267632 728.068621
3154.566500 1640.526881
2458.757937 1021.787321
2936.462206 2177.487288
3794.959881 584.957734
1432.921513 1703.853643
6561.658149 1178.871972
2341.923972 2076.292402
5374.204260 2295.777820
2995.415994 2327.193552
2881.502940 1831.510520
1344.678359 456.528765
5096.790919 521.790331
4336.362150 165.379889
2301.877673 743.031986
3874.357605 2123.258122
3677.751517 2811.569642
1909.462507 2454.603782
2083.392404 1938.369885
4080.227670 2351.340914
6308.319048 2205.259673
2637.986388 2147.990877
960.329109 1991.964144
3060.708194 2533.813349
3219.354910 2422.449675
4652.517249 2440.343140
3134.900488 2398.878243
7242.179762 292.676561
7301.671437 1631.416763
1145.141126 841.419643
5936.121874 2007.799493
7411.694411 845.549356
4548.422834 728.462766
750.382841 2652.726095
6667.081627 1932.244206
5010.167519 2190.160269
2843.759695 59.261561
3345.377865 1521.635523
5128.064267 2562.434424
2638.622177 338.967669
4962.210247 2916.455770
6948.277023 238.844292
5788.335031 2676.182713
1328.802134 2236.002586
3268.998691 989.577305
193.555568 682.048224
7493.441995 42.099990
3818.993951 1816.745932
1926.406894 1827.750718
3673.680063 437.395407
1899.987306 473.539033
6568.889193 1897.498800
1332.001485 965.706822
1047.835805 2584.026301
1320.353109 1474.583192
7307.484926 2513.025342
3477.597404 2702.304778
6879.674087 706.372972
5946.218728 283.390488
7355.938896 686.086966
3182.419484 19.797784
3420.337976 1270.344590
154.744440 2895.732772
217.726302 832.460534
4308.708722 1556.562547
3174.639852 2483.478411
5075.253950 897.411616
3452.443026 2562.902174
4657.796095 1800.111534
5367.321188 2391.259683
686.736812 2069.922444
4760.712560 1665.733687
4430.568057 1656.154658
5930.266650 1150.714713
4848.862867 2314.482218
4592.004197 212.512939
5835.700006 204.936868
3707.143823 2396.177779
251.674096 1569.948051
571.595778 1824.153127
316.276493 1498.494253
3269.078842 2156.612177
5989.764674 2688.608749
4298.785876 1259.024308
3721.800702 866.442824
1625.709973 1763.415005
7340.913175 2554.569013
1072.871729 1708.592492
3026.809176 2801.255353
7148.268011 150.268816
5289.343924 1696.108882
906.954386 1450.017571
4752.614373 1845.639285
2115.488373 2001.715389
1038.968338 1074.833660
2064.671287 542.097932
6433.319784 2133.500053
6746.775275 1969.233783
4555.272001 1418.224459
570.645224 310.829080
5711.668211 878.542079
5185.610213 2221.032553
1082.777727 2503.392778
2324.062608 1643.834763
5761.620324 788.932246
4485.258945 1420.385698
6212.602819 2156.885334
7176.008171 1386.086876
2506.311544 716.598616
969.505659 1418.111953
4478.580695 1213.670780
4900.524713 1364.760190
867.927078 1658.919994
834.984931 2169.279632
192.861128 562.252062
6200.271779 2361.811735
3601.985353 1554.352795
3957.110717 1873.905234
2644.363931 2512.469330
1294.349987 362.393700
753.503937 2311.843573
4456.948495 2786.442703
3671.822263 1653.182666
2931.323946 2471.253523
5924.453206 1560.331842
2223.413685 1161.213559
6935.006553 2849.575359
6314.934377 121.173451
3771.238379 2859.967723
5726.132708 1585.639804
1055.549464 1770.561793
2368.628845 1863.013927
812.286472 2530.295826
1842.297897 1382.660161
5106.912887 1254.659154
4362.634656 2344.166731
1416.256816 527.833259
5326.523581 2035.231632
5452.539813 303.139009
3766.212887 1550.797208
4658.677131 2395.850629
6780.026917 1637.473472
5613.564970 2237.984516
4396.617312 753.921338
5244.880599 1049.100006
5848.902855 2520.172025
7049.154503 287.012680
3457.964877 144.576388
7043.271266 2120.105111
3818.091374 1860.073660
936.910658 272.290411
3010.600974 941.266990
2000.309177 334.849822
7441.246557 2981.139596
1594.972078 1482.983776
3829.842006 2501.459684
2197.086009 1243.947569
2847.332889 124.260390
1204.830210 2897.580081
2195.454325 2579.884324
2366.700214 217.742871
5250.140869 766.341885
1261.888877 483.242298
2277.295685 322.064056
6508.368523 2438.154825
5455.344293 2978.111673
6776.113088 386.378105
2298.446656 510.568905
1803.069819 895.877284
1229.271253 1359.216760
5947.152650 2023.645303
2151.691106 257.695462
668.982177 1999.609598
954.889635 749.524956
4742.974193 1260.137584
823.523195 2843.869764
3694.701136 2429.465627
1525.529121 1982.636007
7281.769813 1521.129924
5761.750156 2516.055333
2398.211868 1486.837778
6235.417511 669.729981
4683.039712 413.545666
2950.747218 2594.443812
3273.557374 1672.007388
2384.151427 688.284008
1739.131725 1814.337015
2364.948679 963.245562
2034.866528 1327.935326
4281.926296 2711.136290
6470.182273 2042.179796
6387.515132 1065.953362
3679.113555 165.217700
121.473419 1384.353346
4215.869058 2353.289431
2251.021694 2645.632370
2100.318019 394.575682
788.405878 2713.343093
2020.303369 1495.661238
5769.467262 2117.544299
419.171563 261.447474
7014.570767 863.321315
5189.461223 751.807777
4566.417194 2889.731102
5199.357757 539.337395
6502.168475 1667.816011
6453.792981 2155.873441
6834.423436 1053.162613
5802.727852 2782.358742
6093.789901 1007.438764
5339.120429 337.924637
1632.677832 2975.775381
1831.250797 968.433484
6722.796179 1540.621668
6160.236806 1996.905375
1645.414913 2631.763348
5645.882128 463.994270
1237.711658 1334.137339
3039.505122 2321.651541
3059.671098 295.545150
7152.472342 824.735828
4908.402906 2442.506128
7451.523172 1697.130535
1239.171848 2301.700410
3698.723189 2933.184700
772.847931 615.137447
677.773340 962.210305
1477.282065 1003.609655
4826.609476 280.031297
6360.578307 1394.738511
5692.341683 202.397287
2566.254648 1535.289523
1665.978896 1521.586522
7173.567155 1882.193607
2108.095154 1093.295301
5444.346894 704.226997
4795.077821 1141.099918
366.832809 1898.640397
7095.576133 642.401864
3000.852014 1317.719729
1438.966406 1509.479978
4832.142939 846.695898
6179.225707 2523.770002
4625.763887 1402.334072
7009.503246 1394.536876
6992.681462 2080.737970
3992.335411 823.574442
1540.068730 2263.325723
5862.902411 485.454354
2863.798321 188.399025
3946.874137 323.258084
2231.565058 496.780782
3660.895010 1039.359147
5988.552948 1302.588456
4204.402527 595.761983
6550.770462 2257.347575
5263.104903 1553.165359
260.108679 1576.932244
2692.338399 1954.349027
7448.165790 880.736658
872.214757 2776.338899
7403.686572 1945.820067
1499.783351 577.502121
3022.864471 2945.074305
2657.391186 2354.665117
333.683324 2641.706129
6694.808002 1026.099353
346.217273 1142.281204
5163.646250 2533.908090
6112.174152 747.219511
324.175180 2065.177844
11.417710 2234.912035
1545.858009 108.610556
2029.610694 1695.278563
5157.398959 791.110592
6440.038054 2411.845486
1418.623729 2537.489850
3394.163880 1167.362832
287.479924 2566.811340
2781.092842 1177.948444
4803.691138 1245.910467
2049.136428 1599.399655
5680.024550 958.141481
6854.202150 1337.468318
1230.123923 2186.550520
5211.719573 621.719642
3129.320906 2089.254913
7141.579193 1870.071566
5494.663675 668.475953
1413.375324 1260.825052
3648.966364 141.365350
1681.676342 2027.036037
6697.138000 2030.336089
485.997173 2793.847170
3992.868569 1306.836006
2429.489030 518.623882
6381.866183 1791.450183
5295.058842 1824.756292
6873.979163 1859.704395
405.561521 241.641233
2615.637283 2246.912439
2158.402188 2297.983277
3340.418376 719.992551
2920.137105 534.032819
3471.171260 1733.404972
4487.144678 2848.055051
4686.925807 2467.528408
4687.727718 1553.625522
3744.661239 2069.489956
3368.681728 95.011922
940.814903 2319.268303
1534.089510 2929.072435
2776.796216 2731.659342
4384.571812 860.310150
3978.409339 1916.053335
2754.878458 2637.618651
2907.414431 1965.312260
4839.004816 2499.133123
6713.262027 103.656767
82.914855 1073.773315
4592.654350 1828.023813
2304.570911 711.832061
3238.880553 2796.919451
5663.643957 2793.416717
4666.023520 612.930273
7221.071601 2242.735369
7330.496443 502.064443
5429.519509 1042.917062
584.309459 925.636527
4758.068031 1825.087521
7104.224654 5.178594
3656.765424 1004.655633
4926.227134 398.308095
1259.471889 1655.795664
1254.912154 536.954697
6823.922448 2339.026602
5912.446276 651.397342
127.146654 660.530730
1120.791981 2316.316246
1134.868619 2314.726200
7323.116296 342.376087
3893.653923 2861.445094
2111.101324 729.269372
2260.905387 1078.164314
4137.264747 2807.589367
7258.129588 1496.595761
7031.919906 1365.958003
6253.128483 1783.258815
4410.665246 5.040147
1097.636194 2266.230960
1354.987112 168.623455
4013.143904 2906.973357
2050.051994 1656.116223
1418.760215 1268.337591
2431.081169 1021.451533
1457.659475 901.678986
3409.569050 2140.525359
1907.810196 2208.268151
7174.486827 1667.486234
716.081160 1524.700630
3687.689000 189.684298
53.240972 1287.843561
3889.105753 2522.547782
177.755939 319.908398
6318.969827 510.156853
6465.348395 69.582774
1696.950775 1191.396918
7441.390328 1498.801108
7118.782857 544.060217
6917.846747 819.945609
3913.779376 350.202489
4304.061487 2929.339372
6226.819620 2484.748675
5344.018802 2360.522579
2880.587269 2424.039985
2213.058019 2627.310508
6534.310706 906.519596
2287.885172 1169.366582
1072.668443 986.256444
3723.187449 2956.655308
3741.033244 1075.414336
65.595206 2175.193608
5667.028140 2.794212
1684.986789 2114.324397
1367.136073 441.133413
7335.675016 2112.366181
1978.339755 1655.894602
5104.263878 282.063750
2851.608187 1179.313071
6606.465823 2292.878183
1508.382635 527.809535
4800.471723 217.077335
3585.822830 2835.342758
3466.109792 1863.396509
2053.998002 2875.718897
4550.129543 2318.012500
2377.833079 1846.289900
3733.015266 217.944486
4622.710279 2167.200822
5830.672209 2395.938542
6520.835591 2266.538890
3770.761805 399.670137
2306.083726 550.010272
1704.334719 2063.076765
4323.308356 324.320215
3389.887367 2332.676396
2130.324377 276.143634
6374.384328 2286.458883
278.715980 936.197647
2874.638479 933.085593
2029.791355 2969.907209
627.745228 1763.049774
4540.492767 1744.304199
4952.485653 665.281217
2278.762549 1313.263144
153.049396 519.839255
1449.505081 1569.524480
2298.773484 1502.235523
5298.836880 1601.243281
1413.280717 848.858093
4813.908745 1921.267233
453.836220 2777.693249
5493.527173 2731.288219
5160.380328 2308.897261
1668.714662 214.007522
604.957132 1479.402407
459.786823 493.080945
606.130451 2000.111836
5593.462861 2223.446442
6663.482633 148.890163
1341.773960 2726.612813
1671.823548 1116.511618
3240.343230 1588.238813
6546.867851 415.672044
473.705231 184.059427
3161.325342 2115.045590
5263.316651 1446.064626
4731.847098 1302.737528
2943.382110 956.890969
1529.086970 1844.838710
2927.246227 853.617642
810.602788 1354.813220
3366.746469 566.693296
887.312636 584.083731
6975.349345 20.318106
1832.434734 326.849322
6867.327299 1401.703313
3608.402350 1043.068212
7474.855314 1062.108079
3646.850639 179.424218
3115.418766 2723.270392
5736.174521 351.494167
2923.337543 1187.208646
4135.579237 2346.687862
5360.249038 2265.866484
2978.816427 314.998104
298.710312 1515.767686
4174.528310 1466.182712
5206.152459 2024.736378
5125.666107 1872.600720
5112.636215 2783.240336
5498.625105 1791.985404
2962.359123 642.810981
7087.634039 1174.885773
4262.297653 1293.793870
3385.774978 2951.086567
2542.660655 648.779800
756.451831 2186.399279
4589.971114 1956.812429
3832.717850 980.088061
3056.697279 2724.613711
3237.715413 1342.163036
3100.953494 2964.897491
7020.864371 322.842380
4974.084669 1858.612190
5488.607750 1034.688352
4104.631312 1394.893142
7066.684394 2826.796174
