6465.3484  69.5828 -150.4140  51.5907 27 0 0
6465.3484  69.5828 -132.4794 122.9479 27 0 0
6465.3484  69.5828 -10.0314 181.8865 27 0 0
6465.3484  69.5828 162.8292  87.6690 27 0 0
6465.3484  69.5828 198.1342  79.3074 27 0 0
6314.9344 121.1735 -101.9792  54.4227 27 29 0
6314.9344 121.1735 -28.3962 126.3834 27 29 0
6314.9344 121.1735 -167.4614 124.9485 27 29 0
6314.9344 121.1735 -228.7048 -52.0370 27 29 0
6332.8690 192.5306 207.8259 119.2778 27 29 19
6455.3170 251.4693  91.5509 164.2028 54 29 19
6628.1776 157.2518  85.0844 -53.5950 54 58 19
6212.9552 175.5962 -194.1909 -66.3290 81 58 38
6147.4729 246.1220 -77.4313 155.8611 81 87 57
6147.4729 246.1220 -201.2542  37.2685 81 87 57
6540.6948 311.8084  -9.8702 236.2316 108 116 57
6540.6948 311.8084 235.4182  74.5697 108 116 57
6546.8679 415.6720 -227.8980  94.4848 108 116 76
6546.8679 415.6720 130.4352 209.6759 108 116 76
6018.7643 109.2671 -183.0643  95.6697 135 145 76
6018.7643 109.2671 -220.5616  12.6629 135 145 76
6070.0416 401.9831 -187.7233  52.8486 135 145 95
6070.0416 401.9831 -185.4566  71.5339 135 145 95
6070.0416 401.9831  45.3701 199.5900 135 145 95
6070.0416 401.9831 -164.4400 146.1409 135 145 95
6070.0416 401.9831 -207.1392  83.4712 135 145 95
5946.2187 283.3905 -147.4334  75.0763 162 145 95
5946.2187 283.3905 -186.3998 -76.1846 162 145 95
5946.2187 283.3905 -210.0442  68.1037 162 145 95
6530.8246 548.0400  79.1739 159.3884 162 174 95
6776.1131 386.3781 172.1639 -147.5338 162 174 114
6318.9698 510.1569 -83.5523 159.5731 189 174 114
6677.3030 625.3479 202.3710  81.0251 189 203 114
6677.3030 625.3479 143.3835 166.1474 189 203 114
6677.3030 625.3479 231.9910  83.0548 189 203 114
5835.7000 204.9369 -143.3583  -2.5396 189 203 133
5835.7000 204.9369 -66.3890 -191.6764 189 203 133
5835.7000 204.9369 -174.6455 -162.9765 189 203 133
5798.2027 121.9301 -131.1745 -119.1358 216 203 133
5882.3183 454.8317 -160.1287  44.4332 216 232 133
5882.3183 454.8317  61.3366 176.5850 216 232 133
5882.3183 454.8317  30.1280 196.5656 216 232 133
5882.3183 454.8317 108.4267 205.8024 216 232 133
5882.3183 454.8317 -236.4362   9.1625 216 232 133
6115.4118 601.5731  54.0636 119.7994 243 232 152
6115.4118 601.5731  -3.2376 145.6464 243 232 152
5798.7854 358.4668 -216.9655 -76.9450 243 5 171
5736.1745 351.4942 -188.7829 -30.1836 14 5 171
5736.1745 351.4942 -121.2522 195.2484 14 5 171
5736.1745 351.4942 -230.2148  -5.4109 14 5 171
6609.9985 707.4283 -75.6878 199.0912 14 34 171
6948.2770 238.8443  18.8700 -93.3223 14 34 190
6948.2770 238.8443  80.1763 -69.5561 14 34 190
6948.2770 238.8443  72.5873  83.9981 14 34 190
6948.2770 238.8443 100.8775  48.1684 14 34 190
6948.2770 238.8443 199.9910 -88.5755 14 34 190
6948.2770 238.8443  27.0723 -218.5262 14 34 190
6235.4175 669.7300 -83.8719 200.3420 41 34 190
6879.6741 706.3730  38.1727 113.5726 41 63 190
6879.6741 706.3730 137.8512 -11.0907 41 63 190
6879.6741 706.3730  65.3874 -135.7218 41 63 190
6879.6741 706.3730 163.8828 -54.7778 41 63 190
6879.6741 706.3730 148.5971 122.3639 41 63 190
6879.6741 706.3730 134.8967 156.9483 41 63 190
6879.6741 706.3730 215.9020 -63.9711 41 63 190
6879.6741 706.3730 206.1014 -121.0950 41 63 190
5692.3417 202.3973 -138.9036 -167.1247 68 92 209
5692.3417 202.3973 -201.4898  97.6484 68 92 209
5722.1896 499.2649 -58.0687 190.6301 95 121 247
5722.1896 499.2649 -211.8380 -40.2571 95 121 247
5722.1896 499.2649 -74.8434 236.5398 95 121 247
5912.4463 651.3973 -150.8260 137.5349 122 121 247
5912.4463 651.3973  94.2950 202.3413 122 121 247
5645.8821 463.9943 -220.1400 -93.3579 122 150 10
5581.8198 281.5219 -129.2800  21.6171 149 179 10
5581.8198 281.5219 -242.6994  56.4028 149 179 10
5614.9224 546.7426 -120.2587 121.7334 176 179 29
5614.9224 546.7426 -170.5755 157.4844 176 179 29
6967.1470 145.5220 137.0776 -140.3434 176 208 48
7028.4533 169.2882 213.7265 123.3884 203 208 48
7049.1545 287.0127  32.5168 192.1859 203 237 48
7049.1545 287.0127 195.1622  53.1527 203 237 48
7049.1545 287.0127 182.5634 141.9712 203 237 48
6917.8467 819.9456 234.6256   4.7902 230 10 67
6917.8467 819.9456 -83.4233 233.2170 230 10 67
7017.5252 695.2823 101.2576 -151.2221 230 10 86
7095.5761 642.4019 222.8456 -19.1470 28 68 105
7095.5761 642.4019 220.2551  39.0127 28 68 105
5664.1210 689.8950  16.3686 114.6613 55 97 124
5664.1210 689.8950 -162.2270  90.7422 55 97 124
5664.1210 689.8950  47.5472 188.6470 55 97 124
5664.1210 689.8950 -190.3294 160.5607 55 97 124
5510.3517 459.0079 -138.8769 187.9028 55 97 143
5647.3463 735.8047 -146.0726 156.5405 82 97 143
5647.3463 735.8047  32.6783 222.3367 82 97 143
5339.1204 337.9246 -135.6620 -105.1765 109 155 162
5339.1204 337.9246 -221.5048  73.9990 109 155 162
5339.1204 337.9246 -234.8566 -55.8609 109 155 162
5339.1204 337.9246 -139.7627 201.4128 109 155 162
5494.6637 668.4760 -127.7650  53.1969 109 155 181
5444.3469 704.2270 -194.2060  62.1149 136 155 181
5444.3469 704.2270 -232.6273 -82.5074 136 155 181
7081.6713 479.1986 248.8251  22.8658 136 184 200
7244.3167 340.1653  78.7996   2.2108 163 184 200
6834.4234 1053.1626  -0.1183  41.7503 163 213 219
6834.4234 1053.1626 -103.7169  96.8463 163 213 219
6834.4234 1053.1626 -139.6154 -27.0633 163 213 219
6834.4234 1053.1626 -191.3692 109.6475 163 213 219
6834.4234 1053.1626 -237.9116 -40.8500 163 213 219
7318.4218 623.2548  37.5171  62.8321 190 213 219
7318.4218 623.2548  93.2726 222.2945 190 213 219
7315.8312 681.4145   4.3365 194.7703 190 242 219
7315.8312 681.4145 132.3346 199.3221 190 242 219
5473.7916 850.4557  14.8162 184.2326 217 15 238
5473.7916 850.4557 -44.2721 192.4613 217 15 238
5473.7916 850.4557 -233.6961  88.0938 217 15 238
5203.4584 232.7482 -203.6405  26.2579 244 44 1
5203.4584 232.7482 -205.6544 -11.8979 244 44 1
5117.6156 411.9236 -20.8247 109.8667 244 44 20
5117.6156 411.9236  23.5433 115.2751 244 44 20
5117.6156 411.9236 -191.3885 -13.6155 244 44 20
5117.6156 411.9236 -206.9695 -12.4534 244 44 20
5199.3578 539.3374 -119.7588 133.3469 15 73 20
5199.3578 539.3374  -9.8965 212.4704 15 73 20
5250.1409 766.3419 -42.6089  24.6702 15 73 39
5250.1409 766.3419 -92.7419  24.7687 15 73 39
5250.1409 766.3419 -174.8869 131.0697 15 73 39
5250.1409 766.3419 -220.2052  28.0155 15 73 39
6834.3051 1094.9129  19.8970 242.5554 42 102 58
6730.7066 1150.0089 -169.0484  28.8631 69 102 58
6730.7066 1150.0089 -203.7135 -134.2112 69 102 58
6596.5118 1012.3127 -208.9967  53.6407 69 131 77
7320.1677 876.1848  53.0550 186.2068 96 131 77
7320.1677 876.1848 154.6876 185.9233 96 131 77
7448.1658 880.7367  23.1056 209.2683 96 160 77
5429.5195 1042.9171 -94.7070  96.4902 96 160 96
5429.5195 1042.9171 -184.6389   6.1829 96 160 96
4997.8040 220.8503 -171.1945  59.1810 123 189 96
4997.8040 220.8503 -197.3323  -3.7730 123 189 96
5096.7909 521.7903 -144.3053 143.4909 123 189 115
4926.2271 398.3081 -243.1874  15.2376 150 218 115
5075.2540 897.4116 -140.0327  22.0461 204 247 153
5075.2540 897.4116 -243.1110 -50.7157 204 247 153
6854.2021 1337.4683  13.1251  64.2350 204 20 153
6854.2021 1337.4683 -35.0932  56.4230 204 20 153
6854.2021 1337.4683 -66.1035  86.3074 204 20 153
6854.2021 1337.4683 155.3011  57.0686 204 20 153
6854.2021 1337.4683 177.7178  28.4897 204 20 153
6854.2021 1337.4683 -131.4060 203.1533 204 20 153
6561.6581 1178.8720 -93.5146  47.9751 204 20 172
6561.6581 1178.8720 -28.0521 147.4700 204 20 172
6387.5151 1065.9534 -95.3745 -52.4541 231 20 172
7474.8553 1062.1081 -21.2506 102.0192 231 49 172
7474.8553 1062.1081 -15.0578 215.9080 231 49 172
5244.8806 1049.1000 -137.9677 205.5591 2 78 191
4826.6095 280.0313 -234.6053 -67.5184 2 78 210
4800.4717 217.0773  21.3866 -216.9484 29 78 210
4800.4717 217.0773 -121.0168 -215.7234 29 78 210
4952.4857 665.2812 -164.4792  22.4815 29 107 210
4952.4857 665.2812 -122.4092 132.1402 29 107 210
4683.0397 413.5457 -79.0660  -4.7077 29 107 229
4683.0397 413.5457 -17.0162 199.3846 29 107 229
4683.0397 413.5457 -53.3147 223.0818 29 107 229
4935.2213 919.4577 -220.8213 -78.8226 56 107 229
4832.1429 846.6959 -198.8319 -63.5622 56 136 229
4832.1429 846.6959 -207.3046  98.4490 56 136 229
4832.1429 846.6959 -182.5585 -158.8242 56 136 229
6867.3273 1401.7033 -159.4928 151.5542 56 136 248
6819.1090 1393.8913 -39.0820 243.5821 83 136 248
6468.1435 1226.8471 -107.5652 167.8914 83 165 11
6292.1406 1013.4992 -163.0677 -42.6895 110 194 11
6292.1406 1013.4992 -198.3507  -6.0605 110 194 11
7453.6047 1164.1273 -35.3808 235.6504 110 194 30
7459.7975 1278.0161 -166.1528 108.7694 137 194 30
7459.7975 1278.0161 -18.4071 220.7850 137 194 30
4592.0042 212.5129 -100.7362 -153.7456 137 223 30
4788.0064 687.7627 -239.5836  40.7000 164 252 49
4714.4000 840.6351  10.1746 237.7988 191 25 68
4714.4000 840.6351 -225.8453 105.2830 191 25 68
4633.3111 783.1337 -236.6938 -29.2123 191 25 87
4624.8383 945.1449 -82.6024 154.9862 218 25 87
6780.0269 1637.4735  30.4372  96.5920 218 54 87
6780.0269 1637.4735 -116.6165 204.9397 218 54 87
6780.0269 1637.4735  93.9522 222.2309 218 54 87
6360.5783 1394.7385 -93.0885  36.0110 218 54 106
6360.5783 1394.7385 -64.6384 162.4484 218 54 106
6360.5783 1394.7385 -156.2336 -140.1126 218 54 106
6360.5783 1394.7385 -178.7481 -118.0808 218 54 106
6093.7899 1007.4388 -46.3853 143.0300 245 54 106
6093.7899 1007.4388 -163.5233 143.2759 245 54 106
7418.2240 1399.7777 -136.4541 121.3522 245 83 106
7418.2240 1399.7777  43.9463 177.7886 245 83 106
7418.2240 1399.7777 -160.0944  96.8181 245 83 106
7418.2240 1399.7777 -242.2158 -13.6908 245 83 106
7293.6446 1386.7855   8.0268 244.6312 245 83 125
7441.3903 1498.8011  10.1328 198.3294 16 83 125
4491.2680  58.7673 -80.6028 -53.7271 16 112 125
4491.2680  58.7673 -154.9059 106.6126 16 112 125
4724.5746 1078.4339  70.5032  62.6661 16 112 144
4724.5746 1078.4339  18.3996 181.7037 16 112 144
4724.5746 1078.4339  79.1166 167.4766 16 112 144
4724.5746 1078.4339 116.2623 145.1940 16 112 144
4724.5746 1078.4339 -64.0483 182.6145 16 112 144
4724.5746 1078.4339   7.2725 224.3037 16 112 144
4488.5547 945.9181 -103.9829 -85.6079 43 112 144
4488.5547 945.9181 -166.8946 -102.0123 43 112 144
4396.6173 753.9213 -73.9696 -44.9161 43 141 144
4396.6173 753.9213 -192.2148 -158.1594 43 141 144
4542.2359 1100.1311 -63.6552 113.5397 43 141 163
6663.4104 1842.4132 -44.9013  14.4516 70 141 163
6663.4104 1842.4132   3.6712  89.8310 70 141 163
6663.4104 1842.4132 -94.5212  55.0856 70 141 163
6663.4104 1842.4132  83.3649 126.8206 70 141 163
6663.4104 1842.4132  33.7276 187.9229 70 141 163
6663.4104 1842.4132 204.1813  98.3970 70 141 163
6663.4104 1842.4132 -161.2419 -174.5972 70 141 163
6663.4104 1842.4132 -228.7561 -69.1720 70 141 163
6267.4898 1430.7495 -241.5577 -35.0681 70 170 182
6047.4046 1150.4687 -58.8516 152.1197 97 170 182
7281.7698 1521.1299 -107.2830 146.3563 97 199 201
7176.0082 1386.0869 -88.3741 -211.2011 124 228 201
7301.6714 1631.4168  69.1985 184.4232 124 228 220
7301.6714 1631.4168 -133.3638 162.3429 124 228 220
7451.5232 1697.1305 -84.3770 185.8755 151 228 220
4336.3622 165.3799 -13.0538 158.9403 151 1 239
4336.3622 165.3799 -106.9859 135.0511 151 1 239
4336.3622 165.3799   8.6336 241.2214 151 1 239
4795.0778 1141.0999  98.3637 174.3314 178 1 239
4795.0778 1141.0999 164.5386 140.2412 178 1 239
4795.0778 1141.0999 105.4469 223.6603 178 1 239
4742.9742 1260.1376 -38.2924 115.0704 178 30 239
4742.9742 1260.1376 -138.9848 111.5853 178 30 239
4742.9742 1260.1376 -117.2103 142.1965 178 30 239
4742.9742 1260.1376 -187.7022 158.0869 178 30 239
4742.9742 1260.1376 -32.7468 245.3159 178 30 239
4840.8369 1223.6279 176.2328 155.9036 205 30 2
4840.8369 1223.6279 180.3809 160.7353 205 30 2
4660.5263 1261.0484 -134.0989 151.7368 205 59 2
4660.5263 1261.0484 -171.6658 141.7545 205 59 2
4660.5263 1261.0484 -175.2674 159.3373 205 59 2
4660.5263 1261.0484 -124.6366 202.4933 205 59 2
4321.6601 843.9058 -201.8743   6.6899 232 88 21
4321.6601 843.9058 -192.4024 -134.4641 232 88 21
4322.6477 709.0053 -117.1009 -197.2148 232 88 40
4204.4025 595.7620 -221.1903 103.7046 3 88 40
4478.5807 1213.6708 -179.7948  45.3535 3 117 40
4478.5807 1213.6708 -121.8997 157.2094 3 117 40
4478.5807 1213.6708 -207.9886 -36.5868 3 117 40
4478.5807 1213.6708 -216.2830  80.1231 3 117 40
6746.7753 1969.2338 -48.8404 190.3267 3 117 59
6746.7753 1969.2338 -215.3162 105.8971 3 117 59
6746.7753 1969.2338 -71.1631 237.4683 3 117 59
6867.5917 1940.8102 125.0898 139.9278 30 117 59
7174.4868 1667.4862 -32.9076 202.5853 30 146 59
7174.4868 1667.4862  -0.9197 214.7074 30 146 59
7087.6340 1174.8858  63.4938 -75.1873 30 146 78
7370.8700 1815.8399  32.8166 129.9801 57 146 78
4229.3762 300.4310 -233.4246 -49.0840 57 175 97
4900.5247 1364.7602 -58.7126 218.7493 84 204 97
4900.5247 1364.7602 231.5309  -0.0220 84 204 97
4900.5247 1364.7602 -69.9926 230.7101 84 204 97
4603.9894 1371.7228  83.7383 181.9027 84 204 116
4710.2274 1505.4535  50.4851 160.2802 111 233 135
5021.2178 1384.3632 222.1172 104.5492 138 233 135
5021.2178 1384.3632 242.0988  61.7015 138 233 135
4488.8605 1402.8028 -180.1518 153.7597 138 6 135
4485.2589 1420.3857 -103.9140 216.7954 138 6 154
4485.2589 1420.3857 -54.6909 235.7690 138 6 154
4535.8898 1463.5417 -42.1541 236.5107 165 6 154
4129.2577 709.4417 -136.9223 114.1328 165 35 154
4356.6810 1370.8802 -182.1527  95.3025 192 35 173
6697.9348 2159.5605 -124.6032  50.4615 192 64 192
6697.9348 2159.5605 -91.4690 133.3177 192 64 192
6697.9348 2159.5605 -62.2193 151.1245 192 64 192
6697.9348 2159.5605 -144.6513  80.2075 192 64 192
6697.9348 2159.5605 -147.1644  97.7871 192 64 192
6697.9348 2159.5605 -177.0993 106.9784 192 64 192
6697.9348 2159.5605 -131.9082 167.2358 192 64 192
6697.9348 2159.5605 125.9876 179.4661 192 64 192
6697.9348 2159.5605 -171.2960 154.2671 192 64 192
6697.9348 2159.5605 -244.1419  -3.6871 192 64 192
6675.6121 2206.7021 -216.3908  42.0565 219 64 192
6992.6815 2080.7380  50.5898  39.3671 219 93 192
6992.6815 2080.7380 105.7843 105.6291 219 93 192
6992.6815 2080.7380 193.2721   0.9191 219 93 192
7403.6866 1945.8201 -68.0116 166.5461 246 122 211
7403.6866 1945.8201  -5.9168 231.0655 246 122 211
7403.6866 1945.8201  71.6012 237.8191 246 122 211
3995.9516 251.3469 -51.7137  31.8574 246 122 230
3995.9516 251.3469 -49.0774  71.9112 246 122 230
3995.9516 251.3469 -82.1722  98.8556 246 122 230
4841.8121 1583.5094 -44.1115 222.4232 17 122 230
4830.5322 1595.4703 -72.4641 229.6172 17 151 230
4687.7277 1553.6255 -147.2350 190.6787 17 151 249
4687.7277 1553.6255 -29.9316 246.4860 17 151 249
4760.7126 1665.7337  -8.0982 179.9056 44 151 249
4760.7126 1665.7337 -157.6494 160.7301 44 151 249
4760.7126 1665.7337 -168.0582 162.2901 44 151 249
5263.3167 1446.0646  -0.2117 107.1007 44 180 249
5263.3167 1446.0646  35.5202 155.1787 44 180 249
5263.3167 1446.0646  96.5062 129.7240 44 180 249
5263.3167 1446.0646  51.4701 176.2117 44 180 249
5263.3167 1446.0646 -149.4710 192.6181 44 180 249
4381.3450 1637.1811 -103.6449 128.4753 44 180 12
4493.7357 1700.0524  39.1916 151.2975 71 180 12
4174.5283 1466.1827 -69.8970 -71.2896 71 209 12
4174.5283 1466.1827 -181.6597 -159.3467 71 209 12
4174.5283 1466.1827 -228.1732 -94.3635 71 209 12
6573.3317 2210.0220 -140.0119 -76.5220 71 209 31
6573.3317 2210.0220 -103.1494 -167.8423 71 209 31
6573.3317 2210.0220 -198.9474  76.4368 71 209 31
6573.3317 2210.0220 -64.9632 228.1328 71 209 31
6573.3317 2210.0220 -133.2936 201.8234 71 209 31
6550.7705 2257.3476 -234.5238 -52.1116 98 238 50
6550.7705 2257.3476 -242.4514 -52.0879 98 238 50
6566.0266 2326.7963 -134.9075 175.0903 125 238 50
6823.9224 2339.0266  73.4425  79.9550 125 11 50
6823.9224 2339.0266  92.2105 121.8338 125 11 50
6823.9224 2339.0266  75.9794 195.0314 125 11 50
6823.9224 2339.0266  12.6646 249.3450 125 11 50
6453.7930 2155.8734 -241.1902   1.0119 125 11 69
7397.7697 2176.8856  90.8162 110.2535 152 40 69
7397.7697 2176.8856 -176.6981  65.8498 152 40 69
7397.7697 2176.8856 -185.9546 127.3520 152 40 69
3944.2379 283.2044 -173.4761 116.4658 179 40 88
3944.2379 283.2044 -211.2226 -65.2599 179 40 88
3913.7794 350.2025 -64.3995 220.8015 179 69 107
4797.7006 1805.9326  16.2081 115.3346 206 69 107
4797.7006 1805.9326 130.2484 105.0166 206 69 107
4797.7006 1805.9326 -88.4875 143.1075 206 69 107
4797.7006 1805.9326 176.3841  52.6796 206 69 107
4758.0680 1825.0875 -168.0969 131.7249 206 98 107
4758.0680 1825.0875  87.3979 228.5854 206 98 107
5314.7867 1622.2764 -25.4428  73.8325 4 156 145
5314.7867 1622.2764 -19.7279 202.4799 4 156 145
5113.8457 1638.6827 -39.9709 222.9124 4 156 164
5113.8457 1638.6827  11.8204 233.9180 4 156 164
4277.7001 1765.6564 -14.8665 187.1750 31 156 164
4277.7001 1765.6564 -19.9354 193.3629 31 156 164
4532.9272 1851.3499  -9.8587 224.0723 31 185 164
4532.9272 1851.3499 -96.8836 216.4593 31 185 164
3992.8686 1306.8360 -121.9601 -106.9757 58 185 183
3992.8686 1306.8360 -89.4753 -195.2021 58 185 183
6470.1823 2042.1798 -92.9002 -161.9510 85 214 202
6374.3843 2286.4589 -174.1125  75.3529 85 243 202
6374.3843 2286.4589 -147.5647 198.2898 85 243 202
6508.3685 2438.1548  41.0410 196.3187 85 243 221
6508.3685 2438.1548 148.7855 157.2925 85 243 221
6431.1192 2501.8867  65.1138 231.2531 139 16 240
6916.1330 2460.8604  -1.8095 239.6420 139 45 240
6899.9018 2534.0580 -188.7420  81.0130 139 45 3
6212.6028 2156.8853 -52.3660 -159.9800 166 74 3
7211.8151 2304.2375  95.6698 208.7878 166 74 22
7211.8151 2304.2375 -11.7735 244.0118 166 74 22
3770.7618 399.6701 -97.0817  37.7253 193 74 22
3770.7618 399.6701  24.1981 185.2876 193 74 22
3770.7618 399.6701 -83.0728 -209.9858 193 74 22
3733.0153 217.9445 -53.9017 -52.7268 193 103 22
3733.0153 217.9445 -86.1646 -38.5203 193 103 22
3733.0153 217.9445 -84.0489 -76.5791 193 103 22
3733.0153 217.9445 -64.3167 -145.5534 193 103 22
3733.0153 217.9445  33.8157 -159.3876 193 103 22
3733.0153 217.9445 -222.6760  -5.7880 193 103 22
3849.3799 571.0040 -160.0541 115.5074 193 103 41
3849.3799 571.0040  33.6206 208.2645 193 103 41
4813.9087 1921.2672  83.7373 191.6343 220 103 41
4813.9087 1921.2672 -25.3671 241.4948 220 103 41
4927.9490 1910.9492 151.1777  47.9228 220 132 41
4709.2131 1949.0402 -86.5028 218.1606 220 132 60
5289.3439 1696.1089 142.2734 166.7948 247 161 79
5289.3439 1696.1089 209.2812  95.8765 247 161 79
5295.0588 1824.7563  31.4647 210.4753 18 161 79
5295.0588 1824.7563 -88.9064 199.9801 18 161 79
4262.8336 1952.8315  31.7756 197.6940 45 190 98
4523.0686 2075.4222 162.5278 154.9210 45 219 98
4523.0686 2075.4222  27.0610 242.5903 45 219 98
3870.9085 1199.8603 -76.1549 -48.6432 45 219 117
3870.9085 1199.8603 -129.8753 -124.4460 45 219 117
3870.9085 1199.8603 -38.1906 -219.7723 45 219 117
3870.9085 1199.8603 177.3169 -169.5194 45 219 117
6377.2821 1880.2288   4.5841 -88.7786 72 248 117
6377.2821 1880.2288 -124.1536 -96.9700 72 248 117
6200.2718 2361.8117 -156.2226  28.0730 72 248 136
6200.2718 2361.8117 -21.0461 161.9583 72 248 136
6914.3234 2700.5024  20.6831 149.0730 99 21 155
6914.3234 2700.5024 152.3610 126.2938 99 21 155
7307.4849 2513.0253  33.4282  41.5437 126 50 155
3673.6801 437.3954 -158.4101   9.4742 153 50 174
3679.1136 165.2177 -221.1487 -20.6413 153 79 193
3510.3393 212.1564 -141.6576 -117.1445 207 108 212
3510.3393 212.1564 -210.9470  23.5384 207 108 212
3510.3393 212.1564 -215.8040 114.8559 207 108 212
4788.5417 2162.7620  60.3212 151.7202 207 137 212
4788.5417 2162.7620 117.2099 179.4397 207 137 212
4788.5417 2162.7620 221.6259  27.3982 207 137 212
4622.7103 2167.2008  35.9669 228.6498 234 137 231
5431.6173 1862.9037 121.2985  50.7077 234 166 231
5431.6173 1862.9037 -39.5389 212.3963 234 166 231
5498.6251 1791.9854 180.6033 -171.5504 234 166 250
5326.5236 2035.2316 171.8517  87.4416 5 166 250
5326.5236 2035.2316  33.7255 230.6349 5 166 250
5326.5236 2035.2316 -140.9134 185.8009 5 166 250
5326.5236 2035.2316 237.9670  72.2294 5 166 250
4685.5964 2230.3431 -33.0791 210.0000 5 195 13
4685.5964 2230.3431   1.3294 237.1853 5 195 13
3794.7536 1151.2171 -133.8586 -111.8580 32 195 13
3794.7536 1151.2171 -137.9881 -146.5615 32 195 13
3794.7536 1151.2171 -186.3512 -108.1489 32 195 13
3794.7536 1151.2171 -201.3501 112.3404 32 195 13
3794.7536 1151.2171 -233.1515  58.3733 32 195 13
3741.0332 1075.4143 -19.2325 -208.9715 32 224 13
6253.1285 1783.2588 -225.8649 -41.9254 59 253 32
6044.0492 2389.8847 -119.9637 -39.2884 59 253 51
6044.0492 2389.8847 -213.3769   6.0538 59 253 51
6044.0492 2389.8847 -195.1463 130.2873 59 253 51
3515.2700 446.8696 -148.5235 119.8237 113 55 70
3299.3923 235.6949 -143.9445 -55.1285 140 55 89
3299.3923 235.6949 -168.8290  84.1906 140 55 89
3299.3923 235.6949 -216.4849  11.5225 140 55 89
3299.3923 235.6949 -116.9728 -215.8971 140 55 89
3299.3923 235.6949 -239.7212  59.8503 140 55 89
3294.5353 327.0123 -41.9762 166.9464 140 84 89
3294.5353 327.0123 -118.2626 131.0044 140 84 89
4848.8629 2314.4822  59.5400 128.0239 140 84 108
4848.8629 2314.4822 171.9492  42.8910 140 84 108
4848.8629 2314.4822  -9.8581 184.6509 140 84 108
4905.7515 2342.2017 236.3284  59.3806 167 84 108
5010.1675 2190.1603 150.2128 118.7370 167 113 108
4658.6771 2395.8506 -56.6163 102.6654 167 113 127
4658.6771 2395.8506 -181.6137  -1.8434 167 113 127
5679.2284 1620.4350  46.9043 -34.7952 194 142 127
5679.2284 1620.4350 214.0594 -31.3854 194 142 127
5498.3753 2122.6732  38.5513  87.3407 194 142 146
5498.3753 2122.6732   5.9789 120.0154 194 142 146
5498.3753 2122.6732  95.0876 100.7732 194 142 146
5498.3753 2122.6732  98.1802 108.8786 194 142 146
5498.3753 2122.6732 115.1897 115.3113 194 142 146
5498.3753 2122.6732 -124.1710 173.1046 194 142 146
5360.2490 2265.8665 -16.2302  94.6561 221 142 146
5360.2490 2265.8665   7.0722 125.3932 221 142 146
5360.2490 2265.8665 137.6818 172.2534 221 142 146
4686.9258 2467.5284 132.5977 159.0749 221 171 165
3660.8950 1039.3591 -233.1336  77.4374 248 171 165
3561.6021 1209.5904 -125.6200  14.3283 248 200 184
3561.6021 1209.5904 -141.2641  60.7542 248 200 184
3561.6021 1209.5904  67.9575 150.5418 248 200 184
3561.6021 1209.5904 -167.4382 -42.2276 248 200 184
3561.6021 1209.5904 101.6651 219.2565 248 200 184
6027.2636 1741.3334 -30.1740 -17.1934 19 229 184
6027.2636 1741.3334 -102.8104 -181.0016 19 229 184
5924.0855 2350.5963 -162.3353 165.4591 19 229 203
5924.0855 2350.5963 -136.0758 195.3712 19 229 203
5830.6722 2395.9385 -203.0693  21.8688 46 229 203
5848.9029 2520.1720 -60.5678 156.0107 46 2 203
5848.9029 2520.1720 140.8618 168.4367 46 2 203
3155.4479 180.5664 -121.9866  -8.8140 46 2 222
3155.4479 180.5664 -176.6314 134.4317 46 2 222
3155.4479 180.5664 -192.6559 -111.4585 46 2 222
3130.5633 319.8854 -145.6030 176.3112 73 2 222
3059.6711 295.5452 -195.8728 -107.1461 73 31 241
3059.6711 295.5452 -107.5718 208.0500 73 31 241
3252.5591 493.9587 -46.5801 125.5434 100 31 241
3252.5591 493.9587 -183.8374  95.7533 100 31 241
3252.5591 493.9587 -16.5732 209.7083 100 31 241
3252.5591 493.9587  87.8593 226.0338 100 31 241
5020.8121 2357.3732 142.8341 176.5349 127 60 4
5020.8121 2357.3732 107.2522 205.0612 127 60 4
5142.0799 2401.5823 117.8145  94.8528 127 89 23
5142.0799 2401.5823  -3.5655 177.7559 127 89 23
5142.0799 2401.5823 -60.2371 235.7164 127 89 23
4477.0635 2394.0072 -86.1071 -55.7653 154 118 23
4477.0635 2394.0072 -114.4288 -49.8405 154 118 23
4477.0635 2394.0072 -144.1756  50.3814 154 118 23
4477.0635 2394.0072 -194.9563 -65.8891 154 118 23
4477.0635 2394.0072 -200.7902 101.3576 154 118 23
5593.4629 2223.4464 176.0044 -105.9021 208 147 61
5497.9308 2438.1199 -44.6583 192.6505 235 205 80
3435.9821 1223.9187 -108.6303 144.5916 235 205 99
3435.9821 1223.9187 -188.7337  47.9541 235 205 99
3435.9821 1223.9187 -32.3412 -211.6720 235 205 99
3435.9821 1223.9187 -198.2667 118.2443 235 205 99
3420.3380 1270.3446 -239.1089  -9.9142 6 205 99
3629.5596 1360.1322 -72.1495 153.6183 6 234 99
3629.5596 1360.1322 -27.5742 194.2206 6 234 99
3629.5596 1360.1322 136.6533 190.6650 6 234 99
3663.2671 1428.8469   8.5551 224.3358 6 234 118
5989.7647 2688.6087 -125.3339 133.0951 33 7 137
5989.7647 2688.6087 -187.0368  93.7500 33 7 137
5989.7647 2688.6087 -185.5009 147.5482 33 7 137
3033.4613 171.7524 -186.1284 -47.4920 60 7 137
3033.4613 171.7524 -208.1260   5.8955 60 7 137
3033.4613 171.7524 -189.7016 -112.4909 60 7 137
3033.4613 171.7524 -157.1196 -157.3168 60 7 137
2978.8164 314.9981 -162.1576  83.9626 60 36 137
2978.8164 314.9981 -58.6793 219.0347 60 36 137
2984.9603 496.1966 -22.6012 146.6143 60 36 156
2984.9603 496.1966 -121.7666 137.0999 60 36 156
2984.9603 496.1966 -222.0256  19.3698 60 36 156
2984.9603 496.1966  21.3073 231.8720 60 36 156
3068.7217 589.7120 136.4179 170.9577 87 65 156
3068.7217 589.7120 -172.9390 161.2408 87 65 156
3235.9859 703.6671 -28.0792 222.8747 87 65 175
3235.9859 703.6671 -194.3164 140.8897 87 65 175
5128.0643 2562.4344 156.8407 104.8414 114 94 175
5128.0643 2562.4344 -15.4281 220.8059 114 94 175
4390.9563 2338.2420 -175.0873  15.0475 114 94 194
4362.6347 2344.1667 -227.0554   2.5211 141 94 194
4282.1071 2328.1181 -201.8795  23.2228 141 123 194
4276.2733 2495.3648   5.6530 215.7715 141 123 213
5769.4673 2117.5443  41.0540 -56.5700 168 123 213
5769.4673 2117.5443 143.4342 -93.5338 168 123 213
5769.4673 2117.5443 166.6546 -109.7448 168 123 213
5769.4673 2117.5443 177.6854 -93.8990 168 123 213
5453.2726 2630.7704  40.2546 100.5178 168 152 213
5453.2726 2630.7704 114.8753 107.5466 168 152 213
3327.3518 1368.5104  18.0261 153.1251 168 152 232
3327.3518 1368.5104 -43.4219 149.1604 168 152 232
3327.3518 1368.5104 -166.9557 -89.9133 168 152 232
3327.3518 1368.5104 -87.0085 219.7284 168 152 232
3247.2484 1271.8728 -57.2949 -177.7886 195 152 232
3247.2484 1271.8728 -94.4644 -224.5788 195 152 232
3403.6408 1012.2467 -134.6421 -22.6694 195 181 232
3237.7154 1342.1630 -236.8634 -24.4433 195 181 251
3557.4101 1513.7505 -193.4202 128.0501 222 181 251
3557.4101 1513.7505 -86.2389 219.6545 222 181 251
3601.9854 1554.3528 160.8898 157.1491 222 210 251
5864.4307 2821.7039 -133.9428  24.0436 222 210 14
5864.4307 2821.7039 -200.7868 -28.2872 222 210 14
2825.3353 177.6479 -186.7131 161.3198 249 239 14
2920.1371 534.0328 -227.3890  33.7489 249 239 33
2962.3591 642.8110 -35.1129 210.8067 20 239 33
2762.9347 515.5664 -146.5775 -19.5566 20 12 33
2762.9347 515.5664 -157.8493  20.1924 20 12 33
2762.9347 515.5664 -179.3433 -32.5068 20 12 33
2762.9347 515.5664 -180.0198 -68.4622 20 12 33
2762.9347 515.5664 -225.7246 -61.2238 20 12 33
2895.7826 750.9528 -21.1441 182.1328 47 12 52
2895.7826 750.9528  47.5995 205.9381 47 12 52
2895.7826 750.9528 114.8183 190.3141 47 12 52
2895.7826 750.9528 -151.2500 182.7460 47 12 52
5284.9049 2667.2758 -80.3496 136.7878 74 41 71
5112.6362 2783.2403 -180.7833 -38.0631 74 70 71
5112.6362 2783.2403 -29.5097 185.9654 74 70 71
5112.6362 2783.2403 -150.4260 133.2154 74 70 71
5112.6362 2783.2403 -229.0433 -30.2225 74 70 71
4281.9263 2711.1363 -122.6468  31.8795 101 70 90
4281.9263 2711.1363 -113.6263 103.9612 101 70 90
4281.9263 2711.1363  17.0274 166.3272 101 70 90
4281.9263 2711.1363 -144.6615  96.4531 101 70 90
4281.9263 2711.1363 175.0222  75.3064 101 70 90
4281.9263 2711.1363 -192.7136  36.2264 101 70 90
4281.9263 2711.1363  22.1352 218.2031 101 70 90
4281.9263 2711.1363 205.2184 136.9188 101 70 90
5493.5272 2731.2882 -38.1829 246.8235 128 128 128
3345.3779 1521.6355 -71.8205 150.3719 155 128 128
3345.3779 1521.6355 -190.8114 118.8914 155 128 128
3160.3961 1278.5971 -160.7114 177.3909 155 157 147
3000.8520 1317.7197 -94.8619 -65.8423 209 215 166
3000.8520 1317.7197 -94.1646 -79.9300 209 215 166
3000.8520 1317.7197 -77.5145 -130.5111 209 215 166
3000.8520 1317.7197 -149.2438 -138.4067 209 215 166
3363.9899 1641.8006 102.1199 221.5960 209 215 185
3471.1713 1733.4050  73.0057 163.2395 236 215 185
5730.4880 2845.7475 -185.6004 140.7748 236 244 185
2638.6222 338.9677 -126.8381 162.9032 7 244 204
2638.6222 338.9677 -148.5837 -170.4186 7 244 204
2692.7481 567.7817 -150.0874  80.9981 7 17 204
2692.7481 567.7817 -139.0885 150.8507 7 17 204
2692.7481 567.7817 -186.4366 148.8169 7 17 204
2605.0854 535.7588 -175.5963 -17.1350 7 17 223
2583.5914 483.0597 -197.7431 -142.0817 34 17 223
2583.5914 483.0597 -244.8605  12.5887 34 17 223
2537.2101 454.3426 -238.7635  56.2263 34 46 242
2537.2101 454.3426 -166.9155 -180.0808 34 46 242
2874.6385 933.0856 -116.8477  71.4116 61 46 242
2874.6385 933.0856 -134.2286 103.9551 61 46 242
4962.2102 2916.4558 -209.8059 -35.3785 88 104 5
4962.2102 2916.4558 -177.8527 -172.5099 88 104 5
4159.2795 2743.0158 -176.8052 -101.2943 115 104 24
4159.2795 2743.0158 -207.7966  58.4807 115 104 24
4159.2795 2743.0158 -137.4392 -169.0932 115 104 24
4159.2795 2743.0158 -146.1356 163.9576 115 104 24
4137.2647 2807.5894 -243.6108  53.8557 142 133 43
4456.9485 2786.4427 109.4687 103.2884 142 162 43
4456.9485 2786.4427 161.0818 -21.3930 142 162 43
2905.9901 1251.8774 -124.8972 -73.9290 196 220 81
2511.7841 501.8709 -205.7004  48.1394 223 249 100
2511.7841 501.8709 -127.6327 186.4131 223 249 100
2490.0384 168.5490 -57.2307 -31.0653 223 249 119
2490.0384 168.5490 -123.3382  49.1938 223 249 119
2490.0384 168.5490 -235.7252  60.8492 223 249 119
2542.6607 648.7798 -158.8818 124.2882 250 249 119
2542.6607 648.7798 -173.8765 128.0634 250 249 119
2542.6607 648.7798 -238.0897  63.0523 250 249 119
2429.4890 518.6239 -197.9240 -21.8431 250 22 138
2429.4890 518.6239 -152.1933 -196.5598 250 22 138
2385.8482 340.9780 -234.1571 -83.2825 21 22 138
2298.4467 510.5689 -177.7878 -130.7512 21 51 138
2298.4467 510.5689 -198.1286 -115.9932 21 51 138
2298.4467 510.5689   3.4310 232.4631 21 51 138
2298.4467 510.5689 -233.7754  31.5290 21 51 138
2370.2946 274.2618 -239.9702   1.8819 21 51 157
2757.7908 1004.4972 -110.8426 134.4467 48 51 157
3982.4744 2641.7215 -13.0818 -64.1842 75 80 176
3982.4744 2641.7215 -93.3686 -119.1737 75 80 176
3982.4744 2641.7215 -154.7530 -11.3348 75 80 176
3982.4744 2641.7215 -152.6324 -140.2618 75 80 176
3951.4830 2801.4964 -111.8503  81.0009 75 109 176
3951.4830 2801.4964 -148.4051  33.6719 75 109 176
3951.4830 2801.4964 -180.2446  58.4713 75 109 176
3951.4830 2801.4964 -150.6123 170.7799 75 109 176
3951.4830 2801.4964 -226.5132 -47.2070 75 109 176
3893.6539 2861.4451 -170.4665  95.2102 102 138 195
3893.6539 2861.4451 -194.9307  71.7396 102 138 195
3893.6539 2861.4451 -215.9024 -49.8755 102 138 195
2254.3133 229.3983 -172.5050  17.7011 129 167 233
2254.3133 229.3983 -133.3722 -196.8087 129 167 233
2254.3133 229.3983 -222.8444 -83.8486 129 167 233
2151.6911 257.6955 -151.3819  77.1544 156 196 233
2120.6588 379.8178 -160.2838 133.6455 156 196 252
2120.6588 379.8178 -220.6715  93.7213 156 196 252
2064.6713 542.0979  46.4300 187.1714 183 225 252
3889.1058 2522.5478 -102.0738 -138.2844 210 254 15
3889.1058 2522.5478 -194.4046 -93.0822 210 254 15
3889.1058 2522.5478 -181.9619 -126.3700 210 254 15
3803.0779 2835.1683 -217.2550   0.1744 237 254 34
3677.7515 2811.5696 -200.1541 -109.2649 35 56 72
2000.3092 334.8498 -167.8744  -8.0005 62 85 91
2111.1013 729.2694 -131.9520  55.8582 89 114 110
3787.0319 2384.2634 -176.7222  19.5567 89 143 110
3787.0319 2384.2634 -217.8972 -49.8585 89 143 110
3694.7011 2429.4656 -220.3486 -90.3177 89 143 129
3694.7011 2429.4656 -209.0885 -121.1401 89 143 129
3585.8228 2835.3428 -200.0479 115.7438 116 172 129
3477.5974 2702.3048 -25.1544 -139.4026 116 172 148
1832.4347 326.8493 -163.7201 -112.8418 143 172 148
3610.3097 2403.8201 -220.4223 -71.1437 143 201 148
3569.1348 2334.4049 -95.8218 -196.2352 143 201 167
3474.3525 2339.1479 -162.5001 -107.8442 170 201 167
3474.3525 2339.1479 -64.7835 -198.6226 170 201 167
3474.3525 2339.1479 -76.8320 -217.2739 170 201 167
3385.7750 2951.0866 -100.7383  30.1250 170 230 186
3385.7750 2951.0866 -146.8944 -154.1671 170 230 186
3452.4430 2562.9022 -220.7510  20.0019 197 230 186
1668.7147 214.0075 -122.8567 -105.3970 197 3 186
1668.7147 214.0075 -81.9388 -147.0054 197 3 186
1668.7147 214.0075 -30.0303 -204.8271 197 3 186
1668.7147 214.0075 -235.4590  59.6172 197 3 186
3389.8874 2332.6764 -170.5325  89.7733 197 3 205
3389.8874 2332.6764 -120.8085 -176.0642 197 3 205
3311.8525 2231.3037 -150.5271 -116.2582 224 32 205
3311.8525 2231.3037 -187.2004  74.8888 224 32 205
3311.8525 2231.3037 -105.6635 -193.5552 224 32 205
3311.8525 2231.3037 -182.5315 -142.0488 224 32 205
3311.8525 2231.3037 -164.7125 -177.2600 224 32 205
3311.8525 2231.3037 -176.9520 167.5745 224 32 205
3409.5690 2140.5254 -136.0762 -165.9549 224 32 224
3238.8806 2796.9195 -113.8403 -47.6070 251 32 224
3238.8806 2796.9195 -123.4618 -73.6491 251 32 224
3238.8806 2796.9195 -182.1833 -72.3057 251 32 224
3238.8806 2796.9195 -212.0714   4.3359 251 32 224
3238.8806 2796.9195 -137.9271 167.9780 251 32 224
3231.6920 2582.9040 -57.0522 -99.4256 251 61 224
3231.6920 2582.9040 -170.9838 -49.0907 251 61 224
1545.8580 108.6106 -190.8709  60.0129 251 61 243
1545.8580 108.6106 -201.5868 -79.0239 251 61 243
1433.2556 273.6248 -138.9056  88.7689 22 90 6
1433.2556 273.6248 -66.1195 167.5086 22 90 6
1433.2556 273.6248 -88.5773 182.9040 22 90 6
3219.3549 2422.4497 -179.8498 -100.7981 49 90 6
3219.3549 2422.4497 -223.9389 -95.2561 49 90 6
3219.3549 2422.4497 -163.7393 -187.1404 49 90 6
3206.1890 2037.7485 -211.5729 105.5466 49 119 25
3129.3209 2089.2549 -192.8587  88.2324 76 119 25
3134.9005 2398.8782 -172.2868 -84.2234 76 148 44
3134.9005 2398.8782 -198.9754 -59.8113 76 148 44
3134.9005 2398.8782 -203.5765  72.3753 76 148 44
3125.0403 2749.3124 -102.1758 195.7619 103 177 44
3125.0403 2749.3124 -174.2930 -154.8686 103 177 44
3056.6973 2724.6137 -101.1736 226.4846 103 177 63
3060.7082 2533.8133 -180.1209 -109.7734 130 206 82
1354.9871 168.6235 -73.1507 -120.0714 157 206 82
1294.3500 362.3937 -32.4611 120.8486 157 235 101
1294.3500 362.3937 -39.4378 174.5610 157 235 101
1294.3500 362.3937 -84.1364 169.3917 157 235 101
1294.3500 362.3937  55.0789 192.4990 157 235 101
1294.3500 362.3937 121.9068 165.4396 157 235 101
1294.3500 362.3937 100.8499 192.7594 157 235 101
1294.3500 362.3937 -199.3004 -106.9591 157 235 101
1294.3500 362.3937 -190.6510 146.4232 157 235 101
1344.6784 456.5288  10.1697 153.2648 184 235 101
1344.6784 456.5288 163.7043  71.2808 184 235 101
1344.6784 456.5288 155.1050 120.9734 184 235 101
1344.6784 456.5288 -72.9450 197.5004 184 235 101
2936.4622 2177.4873 -168.5279 120.8694 211 8 120
2936.4622 2177.4873 -29.0478 -212.1750 211 8 120
2936.4622 2177.4873 -99.8814 -192.8013 211 8 120
2935.9251 2339.0669 -242.7150  40.0613 211 37 139
2950.7472 2594.4438 -195.8688  43.1748 238 66 139
2950.7472 2594.4438 -173.9510 137.2155 238 66 139
2950.7472 2594.4438 -237.5938 -70.4545 238 66 139
2880.5873 2424.0400 -223.1961 -69.3749 9 66 158
1281.8364  48.5521 -230.7207  19.8135 9 95 158
1261.8889 483.2423 -241.9387 -48.8279 9 95 177
1210.2135 531.7854 -193.6619 -119.8079 36 95 177
1349.4289 554.8927 106.0170 210.5726 36 124 177
1416.2568 527.8333 223.9710 -23.0471 36 124 196
1095.0496 255.4346 -158.1389  16.8559 63 153 196
1103.6990 508.8169 -182.5445  94.3430 63 153 215
1103.6990 508.8169 -172.1705 129.8110 63 153 215
1103.6990 508.8169 -216.3864  75.2668 63 153 215
1103.6990 508.8169 -66.0946 221.6541 63 153 215
1103.6990 508.8169 -231.2695  67.8498 63 153 215
1354.8481 609.7936 -117.5037 209.3975 90 153 215
1354.8481 609.7936  58.4326 239.0645 90 153 215
1271.7333 654.0291 -187.7129 124.0163 117 182 234
1271.7333 654.0291 -126.5922 187.3905 117 182 234
2767.9343 2298.3567 -152.2971 -51.4442 117 211 234
2767.9343 2298.3567 -127.4073 -136.2140 117 211 234
2767.9343 2298.3567 -129.9480 -150.3658 117 211 234
2767.9343 2298.3567 -123.5704 214.1127 117 211 234
2907.4144 1965.3123 -25.9115 -133.8017 117 211 253
2907.4144 1965.3123 -215.0760 -10.9632 117 211 253
2693.2101 2379.1282 -218.2887 119.7115 144 211 253
2776.7962 2731.6593 -81.1531  18.6117 144 240 253
1016.5516 411.9775 -194.4077 -111.2990 171 240 16
1016.5516 411.9775 -222.2097  34.1797 171 240 16
936.9107 272.2904 -169.4802  33.0653 171 13 35
921.1546 603.1599 -148.3066  11.9775 198 13 35
921.1546 603.1599  33.7351 146.3651 198 13 35
921.1546 603.1599 -149.4805 -84.2103 198 13 35
1413.2807 848.8581 -25.9438  33.8701 225 71 54
1413.2807 848.8581  44.3788  52.8209 225 71 54
1413.2807 848.8581 -81.2792 116.8487 225 71 54
1413.2807 848.8581  64.0013 154.7516 225 71 54
1084.0204 778.0454 -11.3520 208.2110 225 71 73
1084.0204 778.0454  42.9341 211.1742 225 71 73
1084.0204 778.0454 -112.7590 211.0651 225 71 73
1145.1411 841.4196 -135.3010 188.1535 252 71 73
1145.1411 841.4196   3.2934 236.8558 252 71 73
2615.6373 2246.9124 -179.6797 -39.8209 252 100 73
2637.9864 2147.9909  17.1087 -159.8770 252 100 92
2644.3639 2512.4693 -171.6552 109.8437 23 100 92
2881.5029 1831.5105 -212.2257   8.4547 23 129 92
2692.3384 1954.3490 -214.2925 -62.1779 23 129 111
2695.6431 2750.2710 -241.9925  22.3814 50 129 111
822.1440 300.6785 -131.3065  52.7761 50 158 111
822.1440 300.6785 -237.9872  32.3504 50 158 111
767.4304 305.3557 -196.7852   5.4733 50 158 130
767.4304 305.3557 -160.9558 -135.6635 50 158 130
767.4304 305.3557 -181.0630 117.1982 50 158 130
767.4304 305.3557 -143.6507 -174.1413 50 158 130
767.4304 305.3557 -145.6649 193.1793 50 158 130
772.8479 615.1374 -139.6799  45.8791 77 158 130
772.8479 615.1374 -128.5989 188.4089 77 158 130
1477.2821 1003.6097 194.5415 112.9020 104 216 168
1477.2821 1003.6097 106.0782 207.0681 104 216 168
1126.9546 989.2196 -87.9862  85.6141 131 216 168
1126.9546 989.2196 -200.5153  80.2899 131 216 168
1148.4346 1078.2754 -87.8482 227.5796 158 245 187
2435.9576 2207.0915 -94.0336 -130.7991 158 18 187
2472.7087 2622.3130 -221.6870  23.3193 158 18 206
2669.2772 1839.9652 -126.9010 -141.1046 185 18 206
2669.2772 1839.9652  11.1089 -198.5970 185 18 206
2669.2772 1839.9652 -187.6622 -93.2612 185 18 206
2478.0459 1892.1711 -100.2128 -45.8812 185 47 206
2478.0459 1892.1711 -109.4170 -29.1572 185 47 206
2478.0459 1892.1711 -169.7446 -111.2187 185 47 206
690.8375 353.4546 -174.3333  83.9083 185 47 225
584.1568 333.0289 -164.9852 -71.5814 212 47 225
584.1568 333.0289 -110.4515 -148.9694 212 47 225
584.1568 333.0289 -178.5953 -91.3876 212 47 225
584.1568 333.0289 -124.3700 160.0521 212 47 225
584.1568 333.0289 -81.3054 195.7672 212 47 225
584.1568 333.0289 -122.6425 -173.5587 212 47 225
584.1568 333.0289 -245.3916  20.2106 212 47 225
623.7797 131.2144 -43.6304 -105.3446 239 76 244
644.2491 803.5463  21.2463  79.5464 239 105 7
644.2491 803.5463  38.4188 126.9653 239 105 7
644.2491 803.5463 -59.9396 122.0902 239 105 7
644.2491 803.5463  33.5243 158.6640 239 105 7
1060.5864 1305.8550 -91.0807 112.2570 10 134 26
1060.5864 1305.8550 168.6849  53.3618 10 134 26
1060.5864 1305.8550 177.1253  28.2824 10 134 26
1060.5864 1305.8550 -200.1366  49.6864 10 134 26
1060.5864 1305.8550 -153.6320 144.1626 10 134 26
2341.9240 2076.2924 -226.4356 -74.5770 37 134 26
2341.9240 2076.2924 -229.4772 -72.9627 37 134 26
2251.0217 2645.6324 -37.9637 -18.3219 37 163 26
2251.0217 2645.6324 -55.5674 -65.7480 37 163 26
2251.0217 2645.6324 -189.2216  -9.6485 37 163 26
2251.0217 2645.6324 -200.7509  20.9192 37 163 26
2542.3762 1698.8606  23.8784 -163.5711 37 163 45
2542.3762 1698.8606 109.7784 -127.4847 37 163 45
2542.3762 1698.8606 -218.3136 -55.0258 37 163 45
2377.8331 1846.2899 -154.9824 -14.3211 64 192 64
2377.8331 1846.2899 -220.7556  25.6376 64 192 64
2308.3013 1780.9524 -202.3600  90.4140 91 221 64
419.1716 261.4475 -241.4156  58.4609 118 221 83
459.7868 493.0809 -212.9016  17.6740 118 250 102
338.7652 353.2394 -185.7158 166.5998 145 23 121
1237.7117 1334.1373  82.6415 140.4459 199 81 159
1237.7117 1334.1373   6.8262 177.3328 199 81 159
1237.7117 1334.1373 175.6637 -73.3123 199 81 159
1237.7117 1334.1373 181.0486 -65.7997 199 81 159
1237.7117 1334.1373 239.8013 -15.4253 199 81 159
860.4498 1355.5413 -49.8470  -0.7281 226 81 159
860.4498 1355.5413 -144.3687 169.1593 226 81 159
860.4498 1355.5413  18.6166 223.8929 226 81 159
906.9544 1450.0176 -39.0273 208.9024 226 110 159
2115.4884 2001.7154 -32.0960 -63.3455 226 110 178
2115.4884 2001.7154 -78.7026  34.0716 226 110 178
2115.4884 2001.7154 -80.4452 217.1888 226 110 178
2115.4884 2001.7154 -247.1279  -7.0332 226 110 178
2115.4884 2001.7154 -132.5912 211.7142 226 110 178
2061.8001 2635.9839 -165.2884  77.9016 24 139 197
2061.8001 2635.9839 -121.4686 -183.5063 24 139 197
2061.8001 2635.9839 -174.8662 150.9226 24 139 197
2061.8001 2635.9839 -152.3376 -181.3801 24 139 197
2061.8001 2635.9839  -7.8021 239.7350 24 139 197
2050.2708 2666.5515 -136.9402 192.1022 24 168 197
2566.2546 1535.2895 -168.0428 -48.4517 24 168 216
2324.0626 1643.8348 -25.2891 -141.5992 51 197 216
2222.8507 1831.9688 -193.2400 -136.6903 51 197 235
2222.8507 1831.9688 -172.7987 -175.8526 51 197 235
2157.0775 1871.9275 -230.6706 -44.1768 78 197 235
2157.0775 1871.9275 -143.7514 -204.1365 78 197 235
153.0494 519.8393  39.8117  42.4128 78 226 254
153.0494 519.8393 -25.9027 140.6915 78 226 254
153.0494 519.8393 -151.2729 -25.4584 78 226 254
153.0494 519.8393  40.5062 162.2090 78 226 254
1320.3531 1474.5832 118.6133  34.8968 105 226 254
1320.3531 1474.5832 129.1520  94.9413 105 226 254
1320.3531 1474.5832 -60.8812 181.2125 105 226 254
1418.7602 1268.3376 152.6338  48.8852 105 255 17
1477.5130 1318.7120 184.1932  10.6562 132 255 17
1477.5130 1318.7120 117.4591 164.2718 132 255 17
810.6028 1354.8132 -205.6457 124.5892 132 28 17
716.0812 1524.7006 -49.4158 129.1304 132 28 36
879.0664 1579.4342 193.8053 129.1583 159 28 36
1868.3605 1994.6822 -164.0257  68.3946 159 57 55
1868.3605 1994.6822 -186.6841  32.3538 159 57 55
1868.3605 1994.6822  39.4497 213.5859 159 57 55
1868.3605 1994.6822 -183.3737 119.6422 159 57 55
1868.3605 1994.6822 -129.2287 -180.3452 159 57 55
1982.8972 2213.4295 -32.2055  49.7181 186 57 55
1982.8972 2213.4295 175.5050  84.5537 186 57 55
1896.5118 2713.8855 -165.6724   2.4453 186 86 55
1896.5118 2713.8855 -55.9220 162.4294 186 86 55
1896.5118 2713.8855 -205.5209 -48.5281 186 86 55
1896.5118 2713.8855 -219.8495 -14.3449 186 86 55
2053.9980 2875.7189 -24.2066  94.1883 213 86 74
2053.9980 2875.7189 -151.3898  89.7401 213 86 74
2398.2119 1486.8378 -78.3166 -121.5928 213 115 74
2398.2119 1486.8378 -115.6466 -151.4578 213 115 74
2398.2119 1486.8378 -119.4493 -173.5746 213 115 74
2029.6107 1695.2786 -51.2709 -39.3840 240 115 93
2029.6107 1695.2786  19.5257 -95.8789 240 115 93
2029.6107 1695.2786  -9.3073 -199.6173 240 115 93
2029.6107 1695.2786 -179.4226 -168.2943 240 115 93
1926.4069 1827.7507 -154.7893 -162.2400 240 144 112
127.1467 660.5307 -115.9507  80.0631 11 173 112
127.1467 660.5307  90.5796 171.9298 11 173 112
1661.7061 1329.3682  35.2447 -137.9713 38 202 131
1661.7061 1329.3682 180.5918  53.2920 38 202 131
1661.7061 1329.3682   4.2728 192.2183 38 202 131
1661.7061 1329.3682 171.9578 -137.9585 38 202 131
666.6653 1653.8310 -38.9201 109.2188 65 202 150
666.6653 1653.8310 -95.0695 170.3221 65 202 150
666.6653 1653.8310 -127.6760 202.1229 65 202 150
1681.6763 2027.0360 -89.7774  88.4994 65 231 150
1681.6763 2027.0360 -122.4629  33.0818 65 231 150
1681.6763 2027.0360 -156.1472 -44.4000 65 231 150
1681.6763 2027.0360 -152.5894 -182.1973 65 231 150
1684.9868 2114.3244  41.3297 160.1050 65 231 169
1684.9868 2114.3244 -144.9181 149.0013 65 231 169
1684.9868 2114.3244 -170.7284 118.5915 65 231 169
1739.1317 1814.3370 -113.4218 -50.9220 92 231 169
1840.5898 2876.3149 -207.9119  99.4605 92 4 188
1676.6622 2699.5405 -60.7106   2.2825 119 4 188
1676.6622 2699.5405 -31.2473 -67.7772 119 4 188
2282.5653 1335.3800 -85.4793 -91.4324 146 33 207
2282.5653 1335.3800   5.3199 -166.0134 146 33 207
2282.5653 1335.3800 -59.1516 -174.1664 146 33 207
2282.5653 1335.3800 -41.6824 -193.4962 146 33 207
2282.5653 1335.3800 -215.6741  -4.1814 146 33 207
2282.5653 1335.3800 -247.6988  -7.4446 146 33 207
2278.7625 1313.2631 -17.8572 -235.0988 146 62 207
217.7263 832.4605  60.9897 103.7371 173 91 245
217.7263 832.4605 -87.7174 129.1711 173 91 245
1833.6639 1191.4097 122.8134 -36.3253 200 120 8
1833.6639 1191.4097  -2.4131 -222.9762 200 120 8
627.7452 1763.0498  48.5734 151.4812 227 120 8
627.7452 1763.0498 -183.9656  93.7736 227 120 8
627.7452 1763.0498 -21.6148 237.0621 227 120 8
627.7452 1763.0498  41.2369 236.5598 227 120 8
571.5958 1824.1531  90.1442 189.0367 227 149 8
571.5958 1824.1531 -204.7630  74.4873 227 149 8
571.5958 1824.1531 -106.9216 215.5524 227 149 8
1559.2134 2060.1179 -207.3741 -37.5027 254 178 27
1559.2134 2060.1179 -208.4023 -97.3961 254 178 27
1540.0687 2263.3257 -211.2666 -27.3231 25 207 46
1540.0687 2263.3257 -203.6155  84.2408 25 207 46
1625.7100 1763.4150 -192.7885 -59.5614 52 207 65
1632.6778 2975.7754 -98.5883 -46.7029 52 236 65
1615.9516 2701.8230 -245.2410   4.8115 52 236 84
1645.4149 2631.7633 -226.7912 -94.2735 79 236 84
2197.0860 1243.9476 -88.9909 -150.6523 79 9 84
2287.8852 1169.3666  89.2188 -173.2686 79 9 103
2287.8852 1169.3666 143.1960 -147.9150 79 9 103
2287.8852 1169.3666  77.0635 -206.1210 79 9 103
2287.8852 1169.3666 170.8728 -147.5793 79 9 103
130.0089 961.6317   4.0652 112.7279 133 67 122
130.0089 961.6317 -47.0941 112.1417 133 67 122
130.0089 961.6317  56.8064 178.6174 133 67 122
130.0089 961.6317 172.1112 149.3913 133 67 122
676.3186 1914.5310  10.4182 155.3915 160 67 141
676.3186 1914.5310 136.5233  87.2002 160 67 141
606.1305 2000.1118 150.3214 186.2874 160 96 141
668.9822 1999.6096 213.2946  89.5131 160 96 160
668.9822 1999.6096 166.0028 169.6700 160 96 160
366.8328 1898.6404 -42.6576 166.5374 187 125 160
464.6742 2039.7055 -135.5124 144.2315 187 125 179
464.6742 2039.7055 -12.4968 224.9176 187 125 179
1328.8021 2236.0026 -98.6782 -49.4521 214 154 179
1328.8021 2236.0026 -89.6303  65.6978 214 154 179
1328.8021 2236.0026 -178.4304  62.9602 214 154 179
1328.8021 2236.0026 -193.9335  78.7236 214 154 179
1328.8021 2236.0026 -208.0102  80.3137 214 154 179
1328.8021 2236.0026 -231.1659  30.2284 214 154 179
1328.8021 2236.0026 -42.6240 236.2379 214 154 179
1370.7106 2706.6345 -28.9366  19.9783 241 183 198
1370.7106 2706.6345 -164.0251 -177.2493 241 183 198
1418.6237 2537.4899 -180.4027 -65.0216 241 183 217
134.0741 1074.3596  21.0372 156.8946 39 241 255
134.0741 1074.3596 -84.9376 185.5323 39 241 255
134.0741 1074.3596 212.1431  67.9216 39 241 255
134.0741 1074.3596 -80.8332 213.4840 39 241 255
134.0741 1074.3596 194.2587 148.4925 39 241 255
302.1202 1111.0229  58.4641 110.1691 66 241 255
756.4518 2186.3993  -2.9479 125.4443 66 14 255
756.4518 2186.3993 156.3141 -60.3070 66 14 255
756.4518 2186.3993 184.3631 132.8690 66 14 255
882.2768 2089.1227  78.0523 -97.1586 66 14 18
324.1752 2065.1778 -124.9718  18.9802 93 43 18
324.1752 2065.1778 -126.5601 193.1434 93 43 18
329.1618 2183.9370 168.4316 129.2746 93 43 37
452.1774 2264.6231  82.0246 157.8483 120 43 37
1239.1718 2301.7004 -221.6046  55.7603 120 72 56
1097.6362 2266.2310 -52.2052 223.1091 147 72 56
1097.6362 2266.2310 -14.8585 237.1618 147 72 56
1341.7740 2726.6128 -136.9438 170.9673 147 101 75
1206.6855 2529.3852 -158.8497  54.6411 174 101 75
1206.6855 2529.3852 -204.9936   4.2200 174 101 75
155.1114 1231.2543 -33.6379 153.0991 174 130 94
360.5843 1221.1920  36.6150 244.6200 228 159 113
753.5039 2311.8436 -96.6703 149.7211 228 188 113
753.5039 2311.8436  58.7825 218.4523 228 188 113
753.5039 2311.8436 171.4715 169.2719 228 188 113
960.3291 1991.9641  95.2204 -221.4024 255 217 132
199.2034 2084.1581 -133.6082  91.0355 255 217 151
199.2034 2084.1581 -187.7857 150.7539 255 217 151
199.2034 2084.1581 -144.6711 201.0109 255 217 151
497.5934 2313.2116  34.4925 221.2542 26 246 151
534.2020 2422.4715 118.3113 136.1109 26 246 170
1204.8302 2897.5801 -48.4352   1.3197 53 19 170
121.4734 1384.3533 177.2369 131.4143 80 48 189
121.4734 1384.3533 194.8031 114.1409 80 48 189
121.4734 1384.3533 130.2007 185.5947 80 48 189
121.4734 1384.3533 138.6353 192.5789 80 48 189
656.8336 2461.5647  55.3900 176.6976 107 48 208
656.8336 2461.5647  93.5492 191.1614 107 48 208
532.0859 2534.4659 -27.8429 155.2072 134 106 227
532.0859 2534.4659 -198.4026 107.2403 134 106 227
532.0859 2534.4659 -244.6060  32.3455 134 106 227
652.5133 2558.5824 135.8926 154.7607 134 106 246
298.7103 1515.7677 -150.2839 135.8065 161 135 246
504.2430 2689.6731 -50.4068  88.0202 188 164 9
504.2430 2689.6731 -18.2458 104.1741 188 164 9
333.6833 2641.7061 -96.1676  -8.4269 188 164 28
333.6833 2641.7061 -109.6662 148.3743 188 164 28
224.0171 2790.0805 -69.2727 105.6523 242 222 47
