1136.8092 708.6727  -3.6442 -22.0587 27 0 0
1136.8092 708.6727  47.0541  75.4167 27 0 0
1136.8092 708.6727 -74.7248 118.7848 27 0 0
1136.8092 708.6727 -107.6579 108.3930 27 0 0
1136.8092 708.6727 199.0147 -36.7249 27 0 0
1133.1650 686.6140 -239.1348 -54.9716 27 29 0
1183.8634 784.0894  60.0693 206.0492 27 29 19
1062.0844 827.4575 -79.2034 183.9143 54 29 19
1062.0844 827.4575  17.8170 222.1343 54 29 19
1029.1514 817.0657 -215.0484 -39.0003 54 58 19
1029.1514 817.0657 -171.7015 168.9902 54 58 19
1335.8239 671.9478 105.8636  74.1296 54 58 38
1335.8239 671.9478 120.0206 -134.0929 54 58 38
1335.8239 671.9478  92.8140 170.7781 54 58 38
1335.8239 671.9478 108.1768 196.4485 54 58 38
1335.8239 671.9478  50.1094 -236.7737 54 58 38
894.0302 631.6424 -33.9600 -34.1778 81 58 38
894.0302 631.6424  58.8208 -135.0719 81 58 38
894.0302 631.6424 -127.0574  91.3936 81 58 38
894.0302 631.6424 -237.0569 -11.2830 81 58 38
1243.9326 990.1386 -30.1421  95.5703 81 87 38
1243.9326 990.1386 148.4610  83.0473 81 87 38
1243.9326 990.1386 203.1557 -92.2122 81 87 38
1243.9326 990.1386  89.6543 224.4282 81 87 38
982.8810 1011.3719 -44.4742  44.6107 81 87 57
982.8810 1011.3719  93.6020 171.5354 81 87 57
1079.9014 1049.5919  67.7158 222.4004 108 87 57
814.1030 778.0654 -155.7948 -14.1134 108 116 57
1441.6875 746.0774  41.8960 157.6727 135 116 76
1455.8445 537.8549 233.9695 -84.5585 135 145 76
1428.6379 842.7259  66.0486 220.7703 135 145 95
1444.0007 868.3963 233.7923  40.0541 162 145 95
1385.9333 435.1741 -90.2150 -156.1320 162 174 95
1385.9333 435.1741  68.7532 -173.0593 162 174 95
1385.9333 435.1741 -28.7894 -187.2984 162 174 95
1385.9333 435.1741 -68.0611 -205.6231 162 174 95
952.8510 496.5705 -134.5084 -163.1835 189 174 114
952.8510 496.5705 -70.5110 -208.5745 189 174 114
656.9733 620.3594 -136.3071 -119.5843 189 203 133
656.9733 620.3594 -173.5818 -70.1644 189 203 133
656.9733 620.3594 -190.3762   8.6618 189 203 133
656.9733 620.3594 -168.2697 -118.2978 189 203 133
656.9733 620.3594 -53.2823 -219.7419 189 203 133
656.9733 620.3594  12.9909 -229.2354 189 203 133
656.9733 620.3594 -240.8576  25.2495 189 203 133
1213.7906 1085.7090 -64.4908 235.1644 216 203 133
1076.4831 1182.9073  -1.2829 187.9163 243 5 171
1076.4831 1182.9073 -73.4187 215.2501 243 5 171
1076.4831 1182.9073 -121.9056 215.5681 243 5 171
1147.6172 1271.9923 -158.7428 175.2886 14 5 171
658.3081 763.9520 -128.7581 163.8558 14 34 171
1689.8140 453.2964 -12.8087 -38.4400 41 34 190
1689.8140 453.2964  85.8176 103.2631 41 34 190
1689.8140 453.2964 112.5747 -75.9882 41 34 190
1689.8140 453.2964  68.7307 124.5974 41 34 190
1689.8140 453.2964 236.6825  50.0307 41 34 190
1494.6865 1063.4961 234.3767 -14.7839 41 63 190
1677.7930 908.4504 144.8964   2.8184 41 63 209
1677.7930 908.4504 145.7053  -1.2071 41 63 209
1295.7183 279.0421   6.6119 -123.3628 68 63 209
1295.7183 279.0421 -32.9655 -165.5259 68 63 209
1295.7183 279.0421 -121.5087 -188.0170 68 63 209
818.3426 333.3870  66.7365 -114.0752 95 121 228
818.3426 333.3870 -208.5497  16.4410 95 121 228
818.3426 333.3870  80.5025 -230.8658 95 121 228
483.3915 550.1950 -143.8590 -33.6202 122 121 247
483.3915 550.1950 -175.0088  23.6038 122 121 247
483.3915 550.1950   5.4390 -185.4115 122 121 247
483.3915 550.1950 -178.3489 -151.3996 122 121 247
466.5971 629.0211 -236.1938 -40.3742 122 150 247
488.7036 502.0616 -201.7370 -115.6660 122 150 10
488.7036 502.0616 -217.0843 -89.9533 122 150 10
1149.2997 1320.8733 143.1815 159.6622 149 179 10
1149.2997 1320.8733 182.6753 154.4178 149 179 10
1003.0643 1398.1574 -86.6042  51.1031 149 179 29
1003.0643 1398.1574 -92.4640 141.6142 149 179 29
1003.0643 1398.1574 -226.1843  54.4021 149 179 29
1003.0643 1398.1574 -230.2885 -45.9063 149 179 29
988.8744 1447.2809 115.3830 216.3059 176 179 29
988.8744 1447.2809 -246.8092   3.2826 176 179 29
1775.6316 556.5595 226.8569 -40.9870 176 208 29
1775.6316 556.5595 234.5721  16.7418 176 208 29
1802.3887 377.3082 239.4402   1.2546 176 208 48
1262.7528 113.5161 -150.2709 -62.2029 203 237 48
898.8451 102.5213 -11.2598 -75.0633 230 237 67
898.8451 102.5213 -33.9198 -87.9111 230 237 67
898.8451 102.5213 -121.9652 -87.7543 230 237 67
308.3827 573.7988 -98.2960 -131.0863 230 10 67
308.3827 573.7988 -206.9969 -130.8057 230 10 67
488.8305 364.7834  19.8753 -128.9787 230 10 86
488.8305 364.7834 -90.4113 -204.9214 230 10 86
305.0426 398.7954 -36.1776 -185.1023 1 10 86
305.0426 398.7954 -181.9772 -81.3685 1 10 86
305.0426 398.7954 -177.0543 -93.3111 1 10 86
230.4033 588.6469 -159.8150 -101.9808 1 39 86
230.4033 588.6469 -186.2516 -115.2908 1 39 86
230.4033 588.6469 -136.2348 201.1838 1 39 86
1292.4812 1480.5355  81.8352  23.8320 1 39 105
1292.4812 1480.5355  96.3129  29.6628 1 39 105
1292.4812 1480.5355   3.6689 138.9584 1 39 105
1292.4812 1480.5355 153.0957 151.1982 1 39 105
772.7758 1352.2511 -77.5128 100.5620 28 39 105
772.7758 1352.2511 -72.4461 181.0214 28 39 105
772.7758 1352.2511 -37.9063 232.9802 28 39 105
772.7758 1352.2511 -236.8061  30.0687 28 39 105
1104.2574 1663.5867 -102.1073 129.2749 28 68 105
1104.2574 1663.5867  36.3175 202.9400 28 68 105
1104.2574 1663.5867 159.7140 152.7394 28 68 105
1104.2574 1663.5867 235.4219  72.6610 28 68 105
2010.2037 573.3013 115.2253  38.6139 28 68 124
2010.2037 573.3013   1.7321 148.2591 28 68 124
2010.2037 573.3013 171.6915  13.4645 28 68 124
2010.2037 573.3013 182.8629 -37.9957 28 68 124
2010.2037 573.3013  99.5654 -166.0238 28 68 124
2010.2037 573.3013   4.3648 204.8149 28 68 124
2010.2037 573.3013 201.4855 -53.9675 28 68 124
2010.2037 573.3013   0.9581 210.6084 28 68 124
2010.2037 573.3013 -24.8383 210.5871 28 68 124
2010.2037 573.3013 136.5011 192.7422 28 68 124
2041.8288 378.5627 -67.6278 -200.6832 55 68 124
2041.8288 378.5627 216.2150   1.7396 55 68 124
2041.8288 378.5627  87.3063 -222.5681 55 68 124
508.7057 235.8048 -160.2054 -166.6187 82 126 162
268.8651 213.6931 -209.2493  -2.9564 109 155 162
268.8651 213.6931 -91.5302 -192.8658 109 155 162
 94.1685 789.8307  40.3302  83.1375 136 155 181
1388.7941 1510.1983  44.1870 198.4670 136 184 181
1388.7941 1510.1983   4.8803 224.1708 136 184 181
695.2631 1452.8131 -144.0134 114.4380 136 184 200
695.2631 1452.8131 -44.0479 195.6039 136 184 200
1002.1500 1792.8617  53.4467 196.7659 163 213 200
1002.1500 1792.8617 128.8139 166.0294 163 213 200
1002.1500 1792.8617 -217.9480  75.0356 163 213 200
1339.6793 1736.2477 116.7805 105.4965 163 213 219
2011.9358 721.5604 -52.1536 115.0913 190 213 219
2011.9358 721.5604  -4.9627 137.8983 190 213 219
2011.9358 721.5604 163.6185  70.0702 190 213 219
2181.8952 586.7657 150.3855 126.4795 190 242 219
2181.8952 586.7657 164.9345 114.7034 190 242 219
2181.8952 586.7657 181.7607  95.9967 190 242 219
2109.7691 407.2775 195.0542 -128.9121 190 242 238
2014.5685 778.1161 166.2057 158.5516 217 242 238
2014.5685 778.1161 186.6510 159.5007 217 242 238
2146.7049 766.0435 207.2071  33.9086 244 44 1
2146.7049 766.0435 224.5939  65.9514 244 44 1
2258.0439 380.3023 174.0409 -23.4294 244 44 20
2258.0439 380.3023  47.7016 -188.6051 244 44 20
2258.0439 380.3023  10.3533 -199.2234 244 44 20
2258.0439 380.3023 140.5792 -178.7046 244 44 20
2129.1351 155.9946 117.4379 -146.8399 15 44 20
2129.1351 155.9946 -123.0164 -147.5113 15 44 20
2129.1351 155.9946 190.9684 -98.7267 15 44 20
2129.1351 155.9946 -243.6116 -19.3045 15 44 20
 59.6158 210.7367 -39.3273 -28.0075 15 73 39
 59.6158 210.7367 -45.2679 -75.6678 15 73 39
134.4987 872.9682   4.3054 226.0991 42 102 39
134.4987 872.9682 -79.8690 235.9298 42 102 39
1393.6744 1734.3691 219.3704  86.9367 42 102 58
1393.6744 1734.3691 237.3302 -55.8906 42 102 58
551.2497 1567.2511 -167.6680 -121.8272 69 102 58
551.2497 1567.2511 -64.2088 200.2684 69 102 58
651.2152 1648.4170 -50.5900 167.2879 69 131 58
651.2152 1648.4170 -78.9702 186.7856 69 131 58
651.2152 1648.4170 -150.7003 185.7715 69 131 58
1055.5967 1989.6276  46.3850  90.0201 69 131 77
1055.5967 1989.6276 -14.8619 104.4490 69 131 77
1055.5967 1989.6276 -159.8246  39.3528 69 131 77
1055.5967 1989.6276 -197.7356  49.9945 69 131 77
1055.5967 1989.6276 -125.0270 165.4860 69 131 77
784.2020 1867.8973  15.4978 136.1633 96 160 77
2006.9731 859.4587 137.6826 203.8472 123 160 96
2175.5543 791.6306 215.6627  70.4040 123 189 96
2175.5543 791.6306 236.8640  44.3666 123 189 96
2363.6560 682.7624 120.0986 -38.7649 123 189 115
2363.6560 682.7624 107.3980 -130.9413 123 189 115
2363.6560 682.7624  44.4934 228.1530 123 189 115
2180.7742 936.6677   0.4990 167.4258 150 189 115
2180.7742 936.6677 181.4580  59.6481 150 189 115
2180.7742 936.6677 106.5900 197.0578 150 189 115
2180.7742 936.6677 224.1148  18.4352 150 189 115
2180.7742 936.6677 208.6947  91.3557 150 189 115
2180.7742 936.6677  68.6565 239.9825 150 189 115
2371.2988 831.9949 233.4756 -38.8606 150 218 134
2305.7455 191.6973  56.2996 -133.9580 177 218 134
 54.6297 1108.8980 -29.1781 105.6779 204 20 172
 54.6297 1108.8980  25.5193 113.0576 204 20 172
 54.6297 1108.8980 -54.1051 137.9199 204 20 172
 54.6297 1108.8980 179.0793  79.7920 204 20 172
 54.6297 1108.8980 204.1311  32.2567 204 20 172
1613.0447 1821.3057 101.1306 -12.0677 231 20 172
1613.0447 1821.3057  56.4872 -140.9532 231 20 172
1613.0447 1821.3057  92.3688 190.0291 231 20 172
1613.0447 1821.3057  37.2805 -234.7956 231 20 172
383.5817 1445.4240 -81.0529 -66.2686 231 49 172
383.5817 1445.4240 -72.9184 -89.4963 231 49 172
383.5817 1445.4240 -122.3325 -50.2649 231 49 172
383.5817 1445.4240 -206.6458  34.8185 231 49 172
383.5817 1445.4240 -224.1939  31.9165 231 49 172
487.0408 1767.5196 -131.0056  -2.2606 231 49 191
487.0408 1767.5196 -212.0901 -17.0430 231 49 191
1040.7348 2094.0766 213.6305  86.8708 2 78 210
930.5697 2155.1135 -29.0018 177.3147 29 107 229
930.5697 2155.1135 -67.7637 211.5558 29 107 229
2483.7546 643.9975 111.8878 -142.1726 56 136 248
2483.7546 643.9975 186.7262  89.4004 56 136 248
2408.1494 910.9154 203.4123 141.3370 83 165 248
2181.2732 1104.0935 -39.4875 106.6725 83 165 11
2181.2732 1104.0935   5.7393 126.0550 83 165 11
2181.2732 1104.0935  15.1867 184.7097 83 165 11
2181.2732 1104.0935 -193.3936  90.1645 83 165 11
2181.2732 1104.0935 134.5800 184.3709 83 165 11
2181.2732 1104.0935  -9.1402 244.1956 83 165 11
2181.2732 1104.0935  74.4350 237.4161 83 165 11
2287.3642 1133.7255 209.6856 127.0971 110 194 11
2604.7744 793.1343 153.8028  98.4999 137 223 30
2604.7744 793.1343 130.6278 -211.3935 137 223 30
233.7090 1188.6901 142.2799 -81.9038 164 252 68
233.7090 1188.6901 177.0506 -122.8862 164 252 68
1714.1754 1809.2381  44.1008 -201.6745 191 252 68
1714.1754 1809.2381 -25.5891 -241.9906 191 252 68
1650.3253 1586.5101 158.7466 -38.3924 191 25 68
1650.3253 1586.5101  43.9021 -169.9678 191 25 68
1650.3253 1586.5101 103.5273 -224.6000 191 25 68
261.2492 1395.1591 -121.1638 174.4612 218 54 87
261.2492 1395.1591 -170.8811 127.3760 218 54 87
356.0353 1765.2589 -156.8618  41.3539 218 54 106
356.0353 1765.2589 -161.1406  66.1871 218 54 106
356.0353 1765.2589 -191.6184  43.8001 218 54 106
274.9508 1750.4766 -166.2508  64.9804 245 54 106
274.9508 1750.4766 -181.1098 -65.6465 245 54 106
274.9508 1750.4766 -188.5691 -113.3126 245 54 106
1254.3652 2180.9474  57.0442 -36.1084 245 83 106
1254.3652 2180.9474  41.6750 116.6347 245 83 106
1254.3652 2180.9474  32.7021 182.3661 245 83 106
1254.3652 2180.9474  18.5176 190.4686 245 83 106
1254.3652 2180.9474 195.0676 -45.7050 245 83 106
1254.3652 2180.9474 189.0563  96.3674 245 83 106
1254.3652 2180.9474 211.6805 -94.8161 245 83 106
1254.3652 2180.9474 -122.0946 210.4194 245 83 106
1254.3652 2180.9474 246.0953   9.7576 245 83 106
901.5679 2332.4282 -31.2379 116.7707 245 83 125
901.5679 2332.4282 -115.0760  86.9934 245 83 125
901.5679 2332.4282  20.0120 165.5714 245 83 125
901.5679 2332.4282 110.7392 176.2338 245 83 125
901.5679 2332.4282 -65.0518 234.8102 245 83 125
2141.7857 1210.7660 -129.4992  79.3082 43 112 144
2196.4599 1288.8032  86.0446 229.4774 43 141 163
2255.7082 1341.5096 165.6371  91.6868 70 170 163
2497.0498 1260.8227  25.3839 129.6679 70 170 182
2497.0498 1260.8227  15.1765 147.9919 70 170 182
2497.0498 1260.8227 223.8751  90.2060 70 170 182
1758.2761 1607.5636 152.1993 -138.5478 97 199 182
1753.8526 1361.9102  81.5740 -198.0268 124 228 220
194.8947 1831.4460 -127.5953 115.8964 151 1 220
194.8947 1831.4460  49.5188 177.7237 151 1 220
1296.0402 2297.5820  24.0886 124.5804 205 30 2
1296.0402 2297.5820 -19.3178 162.4107 205 30 2
1296.0402 2297.5820 178.0951  73.7133 205 30 2
1296.0402 2297.5820 200.3120  76.9798 205 30 2
1296.0402 2297.5820 132.6257 171.9296 205 30 2
1132.2706 2391.3668 -128.3251 198.3564 232 59 21
870.3300 2449.1989 -107.4373 164.6564 232 88 21
870.3300 2449.1989 -52.9258 189.5048 232 88 21
870.3300 2449.1989 105.7508 216.3091 232 88 21
786.4919 2419.4216 -201.0986 132.8255 232 88 40
921.5800 2497.9996  96.3893 186.4118 3 88 40
836.5161 2567.2384  65.9275 210.0727 3 117 40
836.5161 2567.2384  39.0026 240.2909 3 117 40
2421.3454 1433.1965  97.3471  98.1400 30 117 59
2421.3454 1433.1965  73.0559 206.3472 30 117 59
2522.4337 1390.4905  84.4564 211.9514 30 146 59
2522.4337 1390.4905 231.2526 -10.3984 30 146 59
 67.2994 1947.3424 -12.4634 188.1617 57 175 97
 67.2994 1947.3424  77.6256 184.3526 57 175 97
1474.1353 2371.2953 204.0902  27.6623 84 175 97
1496.3522 2374.5618 236.9269  21.4468 84 204 97
1428.6659 2469.5117  81.6018 193.2920 84 204 116
1428.6659 2469.5117 -160.0985 153.5776 84 204 116
1428.6659 2469.5117 -71.1579 212.0708 84 204 116
762.8927 2613.8553 -151.8644 184.1682 111 233 116
585.3933 2552.2471 -133.7607  78.7753 138 233 135
585.3933 2552.2471 -89.1225 -178.8850 138 233 135
585.3933 2552.2471 -61.7321 -200.0631 138 233 135
875.5188 2807.5293   4.1708  91.1680 138 6 154
875.5188 2807.5293  -0.3610 155.5898 138 6 154
2494.4013 1639.5437  51.7125  65.3351 165 6 154
2494.4013 1639.5437 -37.8535 121.7303 165 6 154
2494.4013 1639.5437 108.1856  80.2020 165 6 154
2494.4013 1639.5437  -9.0821 163.6597 165 6 154
2494.4013 1639.5437 -94.5171 140.6129 165 6 154
2494.4013 1639.5437 -247.7491  17.8833 165 6 154
2606.8901 1602.4419 137.3840 137.6028 165 35 154
2606.8901 1602.4419 108.4744 164.0175 165 35 154
2606.8901 1602.4419 160.7373 131.4439 165 35 154
2753.6863 1380.0921  64.6545  76.8015 165 35 173
144.9250 2131.6949  96.0866 160.5004 192 35 173
1678.2255 2398.9576  65.8895 -118.3813 192 64 173
1678.2255 2398.9576 139.8140 -144.6191 192 64 173
1357.5080 2681.5825 -82.9249  76.1440 192 64 192
1357.5080 2681.5825 -16.5302 164.4192 192 64 192
1357.5080 2681.5825 178.7041  17.6518 192 64 192
1357.5080 2681.5825  20.2084 207.6533 192 64 192
611.0283 2798.0235 -115.6031  -3.2301 219 64 192
611.0283 2798.0235 -180.7280  77.5501 219 64 192
523.6613 2352.1841 -96.2092 -167.3664 219 93 192
523.6613 2352.1841 -128.0055 -145.4004 219 93 192
523.6613 2352.1841 -190.8779 138.6042 219 93 192
2456.5478 1761.2740 -243.3255  41.6274 246 122 211
2485.3192 1803.2034 135.4549 172.1382 246 122 230
2399.8841 1780.1566 -171.5717 109.0126 17 122 230
2246.6522 1657.4270 -87.1071  44.0780 17 151 230
2246.6522 1657.4270 -175.1251  17.7546 17 151 230
2744.2741 1740.0447 137.7579 166.2495 17 151 249
2744.2741 1740.0447 158.6650 -154.4347 17 151 249
2744.2741 1740.0447 226.2976  29.0816 17 151 249
2744.2741 1740.0447 199.2291 -116.1535 17 151 249
2744.2741 1740.0447 210.9905 -102.9462 17 151 249
241.0116 2292.1953 -52.1301 224.9843 44 180 249
1818.0394 2254.3385 139.0904  10.8224 44 180 12
1818.0394 2254.3385 213.7658  28.9101 44 180 12
1274.5831 2757.7265  79.9458 205.2612 71 180 12
1377.7164 2889.2358 133.7397  29.5870 71 209 12
495.4252 2794.7933 -176.8296  91.4277 71 209 31
495.4252 2794.7933 -196.6823 -63.4374 71 209 31
495.4252 2794.7933 -194.2555 -108.9023 71 209 31
430.3003 2875.5736 -203.6638  50.4933 98 209 31
430.3003 2875.5736 -232.0639  63.7949 98 209 31
332.7834 2490.7882 -27.4864 137.2532 98 238 50
2213.2223 1802.9014 -33.3228 109.1816 125 238 50
2213.2223 1802.9014 -108.4902 110.0067 125 238 50
2213.2223 1802.9014 -222.5260  57.2123 125 238 50
2620.7741 1975.3416 -146.6673 139.4723 125 11 50
2620.7741 1975.3416 -83.3476 219.8876 125 11 50
2228.3125 1889.1693 -39.7222 199.7650 125 11 69
2228.3125 1889.1693 -53.4497 228.2860 125 11 69
2228.3125 1889.1693 -88.0424 229.0175 125 11 69
2228.3125 1889.1693 -182.6299 169.4317 125 11 69
2970.5716 1769.1264  65.1231 -166.0322 152 40 88
2970.5716 1769.1264 193.7535 -127.9690 152 40 88
188.8815 2517.1796  30.0001 220.2711 179 69 88
2031.8052 2283.2486 -91.3942 189.9694 179 69 107
2031.8052 2283.2486 114.8147 209.1890 179 69 107
1511.4561 2918.8228 172.7855 -102.3983 206 98 107
1511.4561 2918.8228 239.7579 -35.9936 206 98 107
298.7428 2731.3560 -231.4679  71.7756 206 98 126
226.6365 2926.0669 -192.4194  10.3205 233 98 126
2179.8994 1912.0831 -213.3694  39.2730 233 127 145
2474.1068 2114.8139 -86.1017  20.7559 4 156 145
2474.1068 2114.8139  82.6432 139.1890 4 156 145
3164.3251 1641.1573 122.6485 -12.2693 31 185 164
3164.3251 1641.1573 159.3888 -39.6187 31 185 164
3164.3251 1641.1573 155.8278 -103.3600 31 185 164
218.8816 2737.4507 -186.2247   1.6724 31 185 183
2146.6199 2492.4376 -70.3340 159.0540 58 185 183
2146.6199 2492.4376 -136.7773 111.8055 58 185 183
2146.6199 2492.4376 176.5909 -36.5158 58 185 183
2146.6199 2492.4376 136.8521 -121.7114 58 185 183
2146.6199 2492.4376 -48.5980 190.4141 58 185 183
2146.6199 2492.4376  46.1072 191.9432 58 185 183
2146.6199 2492.4376 156.3470 161.1123 58 185 183
1684.2416 2816.4245 128.9134  22.3418 58 214 183
1684.2416 2816.4245  82.5480 110.7527 58 214 183
1684.2416 2816.4245  15.1053 -156.2269 58 214 183
1684.2416 2816.4245 142.6762 -104.8838 58 214 183
1684.2416 2816.4245 175.7412 -69.7646 58 214 183
1751.2140 2882.8292 196.0610 -77.2585 58 214 202
1751.2140 2882.8292 197.9616 -72.5057 58 214 202
2556.7500 2254.0029  72.0440  58.9529 85 243 202
3286.9737 1628.8881 173.4728  -0.6315 85 243 221
3286.9737 1628.8881  18.0140 -218.6018 85 243 221
3286.9737 1628.8881 221.1867 -36.5479 85 243 221
3286.9737 1628.8881 198.4458 120.9540 85 243 221
3320.1529 1537.7974 209.6673  23.3715 112 243 221
2076.2859 2651.4916 -204.9632 -33.9155 112 16 240
2098.0219 2682.8517 137.6025 203.9520 139 45 3
2302.9669 2653.5499 113.8086 152.0599 166 74 3
2302.9669 2653.5499 205.4249 -26.1474 166 74 3
2628.7940 2312.9559 191.5175 -48.4742 193 74 22
3460.4465 1628.2565 122.4053  33.7733 193 103 22
3460.4465 1628.2565 105.7426 152.9485 193 103 22
3460.4465 1628.2565 148.8933 114.3534 193 103 22
3304.9877 1410.2862 -194.5900 -70.7515 193 103 41
3485.4194 1749.8421 -137.0622 137.8913 220 132 41
3485.4194 1749.8421 -82.8096 198.8223 220 132 41
3485.4194 1749.8421  86.3090 217.5042 220 132 41
2235.6244 2886.8037 152.2972 103.8886 247 161 60
2508.3918 2627.4025  83.4404 134.3285 247 161 79
2508.3918 2627.4025 208.0880 -58.0999 247 161 79
2508.3918 2627.4025 207.9783 -67.8587 247 161 79
2820.3115 2264.4817  77.1192 166.0457 18 161 79
2820.3115 2264.4817  97.5936 174.0984 18 161 79
2820.3115 2264.4817 191.3871 -75.9572 18 161 79
3582.8518 1662.0299 237.1610  72.4367 18 190 79
3566.1890 1781.2050  30.3355 243.1114 18 190 98
3609.3398 1742.6100 175.4259 167.2638 45 190 98
3110.3977 1339.5347 -57.0126 -55.7620 45 219 98
3110.3977 1339.5347   7.4911 -101.7172 45 219 98
3348.3572 1887.7334  22.1831  97.7457 45 219 117
3348.3572 1887.7334  54.6859 128.7178 45 219 117
3348.3572 1887.7334 151.1451 137.9829 45 219 117
3348.3572 1887.7334  50.0847 215.8689 45 219 117
2591.8322 2761.7310 175.6027   2.3964 72 219 117
2591.8322 2761.7310 204.7940 -81.8930 72 219 117
2591.8322 2761.7310 246.5489 -14.7454 72 219 117
2716.4798 2569.3026 160.9420   8.3313 72 248 117
2716.4798 2569.3026 169.4851 135.3004 72 248 117
2897.4307 2430.5274 170.9166 -39.4331 72 248 136
2897.4307 2430.5274 192.4251 -72.8501 72 248 136
3820.0128 1734.4665  74.0249  15.9496 99 248 136
3820.0128 1734.4665  88.2064 -18.5838 99 248 136
3820.0128 1734.4665  19.7582 -110.9033 99 248 136
3820.0128 1734.4665  81.4371  81.0062 99 248 136
3820.0128 1734.4665  63.5338 147.9827 99 248 136
3820.0128 1734.4665  17.5734 -162.4169 99 248 136
3820.0128 1734.4665  96.5143 -144.0800 99 248 136
3820.0128 1734.4665 132.5349 132.8006 99 248 136
3820.0128 1734.4665 122.1110 154.2860 99 248 136
3820.0128 1734.4665  70.4409 -184.1330 99 248 136
3820.0128 1734.4665 199.2646 -113.3371 99 248 136
3596.5246 2024.3164  24.2916 135.6519 99 21 136
3596.5246 2024.3164 -157.1677 105.0883 99 21 136
3596.5246 2024.3164 114.0058 196.0335 99 21 136
3053.3851 1283.7727 -28.9587 -199.7856 99 21 155
3370.5404 1985.4791 -36.6890 166.6504 126 50 155
3398.4419 2103.6023 -89.1613 204.7847 153 79 174
2767.4349 2764.1274 159.1872 190.8905 153 79 193
2796.6262 2679.8380 230.3280  55.9764 180 79 193
3068.3473 2391.0943 134.5752  98.4302 207 108 212
3068.3473 2391.0943 158.6192 -53.9734 207 108 212
3068.3473 2391.0943 111.6251 -131.6688 207 108 212
3068.3473 2391.0943 134.5213 148.6439 207 108 212
3894.0378 1750.4161 232.2940  22.3034 207 137 231
3883.5467 1882.4493 116.5063 174.5735 234 137 231
4019.2774 1621.1295  76.8116 -52.3388 234 166 250
4019.2774 1621.1295 111.8465   5.3195 234 166 250
4019.2774 1621.1295  70.7949 -158.3984 234 166 250
4019.2774 1621.1295 -118.7244 -178.5458 234 166 250
3710.5304 2220.3500 -93.2605  89.4183 5 195 250
3710.5304 2220.3500  16.1731 152.0402 5 195 250
3710.5304 2220.3500 126.4594 135.3495 5 195 250
3710.5304 2220.3500 206.9733  48.7759 5 195 250
3710.5304 2220.3500 219.1681 -27.9661 5 195 250
3024.4263 1083.9871 -78.0002 -40.3196 5 195 13
3024.4263 1083.9871 -10.4601 -171.8910 5 195 13
3026.9541 2735.8143 144.4718 -62.1200 32 224 13
3026.9541 2735.8143 141.2371  81.2366 32 224 13
3202.9226 2489.5246  65.1920  91.7351 32 224 32
3202.9226 2489.5246 104.6618 136.7294 32 224 32
3202.9226 2489.5246 239.2136  18.2332 32 224 32
4126.3317 1772.7195 135.7476 111.2014 59 253 32
4126.3317 1772.7195  78.4963 181.9630 59 253 32
4096.0890 1568.7906 167.1866 -49.2688 59 253 51
4096.0890 1568.7906  78.1435 -173.4125 59 253 51
4096.0890 1568.7906 131.1140 -142.8432 59 253 51
4096.0890 1568.7906 199.0977 -15.0456 59 253 51
4096.0890 1568.7906 115.9647 -180.9204 59 253 51
4090.0723 1462.7310 -54.0402 -186.1208 86 26 51
4090.0723 1462.7310 -237.1199 -64.0842 86 26 51
3726.7035 2372.3901 136.5884  63.2470 86 26 70
3726.7035 2372.3901 -160.6983  56.1011 86 26 70
3726.7035 2372.3901 210.5726  21.3192 86 26 70
3726.7035 2372.3901 241.4011 -47.6611 86 26 70
3726.7035 2372.3901 -223.8962 104.7250 86 26 70
3917.5037 2269.1259 105.7117 -68.0623 113 26 70
3171.4259 2673.6943 184.6175 108.2586 113 55 89
3168.1912 2817.0509 203.5682  34.5008 140 55 89
4262.0793 1883.9208  85.2920  20.6495 167 84 108
4262.0793 1883.9208 100.1816 -19.6548 167 84 108
4262.0793 1883.9208 143.8501  21.2574 167 84 108
4262.0793 1883.9208 179.2815  42.4445 167 84 108
4262.0793 1883.9208  23.6385 197.7937 167 84 108
4262.0793 1883.9208 199.7106 -28.7380 167 84 108
4262.0793 1883.9208  21.4472 246.6386 167 84 108
4227.2030 1425.9475 117.2576 -71.4137 167 113 108
4227.2030 1425.9475 135.6897 -114.6667 167 113 108
4227.2030 1425.9475  75.5295 -167.3084 167 113 108
4227.2030 1425.9475 159.7548 -115.4084 167 113 108
4227.2030 1425.9475 132.4568 -192.9141 167 113 108
4295.1867 1553.7450 194.6717   1.4046 167 113 127
4295.1867 1553.7450 185.7174 -138.2787 167 113 127
3937.2761 2393.7093 129.3986 137.9911 194 142 127
3356.0435 2781.9529 119.6582 207.1715 221 171 165
4405.9294 1905.1783 179.3804  83.5415 248 200 165
4405.9294 1905.1783 168.1151 -175.4525 248 200 165
4405.9294 1905.1783 -76.2421 233.5028 248 200 165
4405.9294 1905.1783 185.0789 -162.3037 248 200 165
4386.9578 1310.5391  95.2037 -157.5735 46 229 203
4386.9578 1310.5391 102.7570 -199.1551 46 229 203
4480.9041 1415.4663 100.9368 197.4766 46 2 203
4480.9041 1415.4663 170.9312 -148.3702 46 2 203
4066.6747 2531.7004  96.6084  12.6888 46 2 222
4066.6747 2531.7004 179.6570  27.4859 46 2 222
4066.6747 2531.7004 161.6970 167.3408 46 2 222
3475.7017 2989.1244  81.9959 -15.7223 73 2 222
3475.7017 2989.1244 218.5572 -59.5985 73 2 222
4585.3098 1988.7198 198.3990 -103.6397 73 31 222
4489.7147 1111.3840  30.1608 -87.7991 73 31 241
4489.7147 1111.3840 -17.3006 -123.9833 73 31 241
4489.7147 1111.3840 131.2704  -8.7549 73 31 241
4489.7147 1111.3840 121.0534 -118.8537 73 31 241
4489.7147 1111.3840  58.6166 -170.6960 73 31 241
4489.7147 1111.3840 196.1608  37.0299 73 31 241
4489.7147 1111.3840 186.7193  87.3663 73 31 241
4489.7147 1111.3840 214.0235 -58.4668 73 31 241
4489.7147 1111.3840 -134.1738 -207.7997 73 31 241
4651.8353 1267.0961  87.2348 -47.1731 100 31 241
4651.8353 1267.0961  92.6095 -116.9149 100 31 241
4651.8353 1267.0961 142.0179 -81.2858 100 31 241
4651.8353 1267.0961 130.5414 116.1798 100 31 241
4651.8353 1267.0961 160.2149 -78.6748 100 31 241
4651.8353 1267.0961 131.4987 162.1782 100 31 241
4651.8353 1267.0961 164.5543 -137.7941 100 31 241
4651.8353 1267.0961  93.3607 213.3195 100 31 241
4246.3317 2559.1862  98.3566 163.6458 100 60 241
4246.3317 2559.1862 224.0707 -15.4670 100 60 241
4783.7088 1885.0800 102.5460 -20.2703 127 60 4
4783.7088 1885.0800 104.7614 115.0137 127 60 4
4783.7088 1885.0800 -54.8822 -148.7926 127 60 4
4783.7088 1885.0800 180.7277  77.0806 127 60 4
4783.7088 1885.0800 203.7562 -44.1123 127 60 4
4783.7088 1885.0800 107.5110 -188.6744 127 60 4
4783.7088 1885.0800 176.1212 -146.1302 127 60 4
4519.8755 1023.5848 -15.2854 -180.0138 127 89 4
4519.8755 1023.5848 157.5613 -100.2461 127 89 4
4519.8755 1023.5848  17.0704 -196.2647 127 89 4
4519.8755 1023.5848 118.6180 -171.3133 127 89 4
4519.8755 1023.5848  -2.7562 -224.7381 127 89 4
4519.8755 1023.5848 -200.4469 -112.9602 127 89 4
4519.8755 1023.5848 231.7090 -67.3808 127 89 4
4472.4142 987.4006 -238.5012  42.4418 127 89 23
4620.9851 1102.6291 118.6699 -206.8355 154 89 23
4610.7681 992.5302 167.5721 -179.7156 154 118 23
4685.8755 1148.4139 227.7357  22.3493 154 118 42
4355.5410 903.5843 -31.4052 -143.1246 181 147 42
4355.5410 903.5843 -148.0873  55.5001 181 147 42
4355.5410 903.5843 -160.6018 -54.2002 181 147 42
4355.5410 903.5843 -169.4108  56.7788 181 147 42
4355.5410 903.5843 -121.4495 170.9724 181 147 42
4355.5410 903.5843  19.1063 -248.8158 181 147 42
4739.0702 1219.9230 235.7991   9.8253 181 147 61
4793.8532 1185.8103 194.4387  97.8043 208 147 61
4793.8532 1185.8103 209.0389 133.9014 208 147 61
4782.3767 1383.2759 226.3400  15.7085 208 176 61
4344.6883 2722.8320 160.1590  50.1400 235 205 80
4344.6883 2722.8320 163.3152 -69.5408 235 205 80
4344.6883 2722.8320 -83.5662 164.1369 235 205 80
4344.6883 2722.8320  14.8072 200.2792 235 205 80
4344.6883 2722.8320 240.0101   6.5563 235 205 80
4470.4024 2543.7193 108.8976 -49.0424 235 205 99
4470.4024 2543.7193 115.7892  44.2972 235 205 99
4470.4024 2543.7193 138.1026  54.0256 235 205 99
4470.4024 2543.7193 198.4421 -11.5152 235 205 99
4888.4702 2000.0937 156.4061  11.1552 6 205 99
4888.4702 2000.0937  23.8279 175.3131 6 205 99
4888.4702 2000.0937 191.1418 106.8973 6 205 99
4888.4702 2000.0937 189.2498 -135.8449 6 205 99
4728.8266 1736.2874 129.3785 -106.9012 6 234 99
4728.8266 1736.2874 143.8565 -106.4456 6 234 99
4964.4365 1962.1606 150.7436 161.6004 6 234 118
4987.4650 1840.9677 178.1333 -107.6196 33 234 118
4891.2198 1696.4056 100.0917 -135.5319 33 7 118
4504.5902 843.5711  22.1922 -216.9711 33 7 137
4677.4368 923.3387 121.4175 -112.3984 60 7 137
4677.4368 923.3387 196.0448 -68.4730 60 7 137
4638.4936 852.2716 142.7336 -165.0118 60 36 156
4233.9129 1029.8424 -142.1835  33.6976 87 65 175
4233.9129 1029.8424 -163.1121 154.7748 87 65 175
4778.3402 812.8147  41.4921 -147.3016 114 65 175
4778.3402 812.8147 156.2981 -25.7351 114 65 175
4778.3402 812.8147 157.2954 -184.6098 114 65 175
4913.6112 1170.7632 237.7470 -56.1302 114 94 175
4324.1357 760.4597 -31.4491 -134.8139 114 94 194
4194.9392 849.3841 -125.6310 -123.3939 141 94 194
4186.1302 960.3631 -237.0898 -15.0539 141 123 194
4974.8693 1229.7484 137.1955 130.6646 168 123 213
4974.8693 1229.7484 189.5554 -26.4612 168 123 213
4974.8693 1229.7484 186.5478 118.1970 168 123 213
4508.0035 2653.2912 154.0480 117.8061 168 152 232
4508.0035 2653.2912 214.1091 -56.0579 168 152 232
4261.1221 2886.9689 -187.8721  93.5142 195 152 232
4261.1221 2886.9689 182.4163 105.0780 195 152 232
4359.4955 2923.1112 244.8554 -11.3888 195 181 232
4584.6984 2729.3883 228.3123 -89.3982 195 181 251
4579.3001 2494.6769 211.2233 -12.8815 222 181 251
4579.3001 2494.6769 114.8508 -188.0998 222 181 251
5115.1801 2123.7610 202.0888 -98.5539 249 239 33
4873.4816 854.8657 192.6387  30.1824 20 12 33
4873.4816 854.8657 233.7622 -61.2192 20 12 33
4873.4816 854.8657 189.8977 -153.5013 20 12 33
4873.4816 854.8657 245.8301  31.9591 20 12 33
4781.2272 687.2598  10.7211 -182.7134 20 12 52
4091.7294 1063.5400 -163.8764 -149.7285 47 12 52
4091.7294 1063.5400 -139.3884 180.9870 47 12 52
5151.3582 1114.6330  77.2712 -10.0109 47 41 52
5151.3582 1114.6330  80.3076 -190.6018 47 41 52
5151.3582 1114.6330 162.8873 -145.2763 47 41 52
4069.3082 725.9902 -200.3696 -98.2894 47 41 71
4069.3082 725.9902 -239.4298  58.6347 47 41 71
4069.3082 725.9902 -220.9335 109.4309 47 41 71
5161.4171 1347.9454 137.3226  35.2235 74 41 71
5161.4171 1347.9454 -58.0922 173.9342 74 41 71
5161.4171 1347.9454 -26.6721 196.9768 74 41 71
5161.4171 1347.9454 147.0409 160.6938 74 41 71
5161.4171 1347.9454 232.5566 -68.1937 74 41 71
4662.0516 2771.0973 164.1791  31.4413 74 70 71
4662.0516 2771.0973 123.4622 190.3650 74 70 71
4073.2501 2980.4831 -171.7528 -85.6853 74 70 90
4073.2501 2980.4831 -197.2466 -41.2024 74 70 90
4813.0107 2639.9901 117.7031  56.1177 101 99 109
4813.0107 2639.9901  98.0251 -112.2769 101 99 109
5317.2689 2025.2070  94.5801  85.1074 128 128 109
5317.2689 2025.2070 122.9579 121.6450 128 128 109
5317.2689 2025.2070  84.0189 184.3454 128 128 109
5317.2689 2025.2070 -23.4395 -230.1520 128 128 109
5107.2438 793.6465  52.2631 -22.4390 128 128 128
5107.2438 793.6465 105.4602  57.8927 128 128 128
5107.2438 793.6465 126.2048 -18.7279 128 128 128
5107.2438 793.6465 135.3044 -116.6449 128 128 128
5107.2438 793.6465 -61.4501 -173.7195 128 128 128
5107.2438 793.6465 184.6910   7.7516 128 128 128
5107.2438 793.6465 176.2325 -109.6799 128 128 128
5107.2438 793.6465 243.6737  53.3378 128 128 128
4791.9483 504.5463  23.8911 -88.9169 155 128 128
4791.9483 504.5463 -48.9446 -127.0972 155 128 128
4791.9483 504.5463 -164.0926 -37.1366 155 128 128
4791.9483 504.5463 -211.2250 -78.0801 155 128 128
4791.9483 504.5463 246.0809 -11.2265 155 128 128
3927.8530 913.8115 -79.4351  -0.3864 155 157 128
3927.8530 913.8115 -120.7946 -62.1378 155 157 128
3927.8530 913.8115 -141.3684  23.2597 155 157 128
3927.8530 913.8115 -125.9153 152.0062 155 157 128
3927.8530 913.8115 -151.4050 -177.6238 155 157 128
5314.2455 969.3567 196.7265  16.6664 155 157 147
3868.9386 627.7008 -118.9204  -6.3176 182 157 147
3868.9386 627.7008 -233.9286 -87.7552 182 157 147
5134.7450 1544.9222 139.6564  66.6434 182 186 147
5134.7450 1544.9222 149.2398  62.7862 182 186 147
5134.7450 1544.9222 183.4783 127.6399 182 186 147
5393.9737 1279.7517 142.7698 -39.9588 182 186 166
5393.9737 1279.7517 138.3968  93.5609 182 186 166
3901.4972 2894.7978  -9.4564 -91.9226 209 186 166
5411.8490 2110.3145 151.1230 -170.4561 236 215 185
5411.8490 2110.3145 144.2707 183.8336 236 215 185
5440.2267 2146.8521  -7.1119 215.9440 236 244 185
5440.2267 2146.8521 -36.6872 228.0695 236 244 185
5159.5069 771.2074 127.4543 -178.9919 7 244 204
5159.5069 771.2074 114.7647 -190.9576 7 244 204
5242.5482 677.0016 -81.6520 -159.0074 34 17 223
5242.5482 677.0016 171.0041 -140.2000 34 17 223
5242.5482 677.0016  -7.7527 -242.5697 34 17 223
5283.4763 683.9666 207.8358 -91.9054 34 46 242
5283.4763 683.9666 103.9095 -216.8997 34 46 242
4815.8394 415.6295  56.0701 -192.0588 61 75 242
4815.8394 415.6295 -15.4295 -243.2321 61 75 242
4743.0036 377.4492 -180.1434 -161.8468 61 75 5
4580.7233 426.4663 -153.1848 -135.0269 88 104 5
4580.7233 426.4663 -236.3556 -35.4644 88 104 5
5038.0291 493.3198  -7.4014 -227.7372 88 104 24
3801.9377 1065.8177  62.2519 241.3884 115 133 43
5510.9720 986.0230 112.0505 -208.7067 142 133 43
3750.0182 621.3832 -169.2380   7.8945 142 162 43
3635.0100 539.9456 -62.8420 -108.4004 142 162 62
3635.0100 539.9456 -129.4621 -42.5498 142 162 62
3635.0100 539.9456 -98.7530 -199.0711 142 162 62
5274.4014 1611.5656 120.1765 -19.8317 169 162 62
5274.4014 1611.5656  50.8082 150.2326 169 162 62
5274.4014 1611.5656 163.4763 -39.4828 169 162 62
5274.4014 1611.5656 160.2938 135.4703 169 162 62
5274.4014 1611.5656 229.1217  55.2708 169 162 62
5318.2233 1672.5621 165.4083  93.6957 169 191 81
5536.7435 1239.7929 179.6543  66.3402 196 191 81
5532.3705 1373.3127 185.4401  63.4924 196 220 81
5562.9720 1939.8583 -23.0159 -57.8207 223 220 100
5562.9720 1939.8583 139.4262 -69.0982 223 220 100
5562.9720 1939.8583 172.2618  46.5557 223 220 100
5562.9720 1939.8583 214.7949 -28.4038 223 220 100
5433.1148 2362.7961 207.4016  -7.5919 223 249 100
5433.1148 2362.7961 233.2036 -59.9133 223 249 100
5433.1148 2362.7961  87.5640 227.1501 223 249 100
5433.1148 2362.7961 -247.9531  28.9212 223 249 100
5286.9612 592.2155 161.2421 -173.3310 250 249 119
5234.7955 434.4319 163.3539 -92.2760 21 22 138
5491.3121 592.0612 198.2213  19.0211 21 51 138
5491.3121 592.0612 141.7053 -166.8863 21 51 138
5387.3858 467.0669 128.9334 -172.1334 21 51 157
4800.4099 172.3974 -19.9521 -96.8462 48 51 157
4800.4099 172.3974 106.0979  -2.4980 48 51 157
4800.4099 172.3974 127.9147   0.4425 48 51 157
4800.4099 172.3974  15.4205 -150.7383 48 51 157
4800.4099 172.3974 -143.1453 -167.4325 48 51 157
4800.4099 172.3974 -175.7640 -146.9245 48 51 157
4800.4099 172.3974 -197.1565 -127.5751 48 51 157
4562.8602 215.6024 -52.7201 -136.4330 48 80 157
4562.8602 215.6024 -181.4327  -1.5942 48 80 157
4427.5385 291.4393 -102.1883 157.6204 48 80 176
4427.5385 291.4393 -190.0264  73.8650 48 80 176
4427.5385 291.4393 -234.4401 -13.1964 48 80 176
4427.5385 291.4393 -143.0881 188.5128 48 80 176
4344.3677 391.0019 -74.9806  97.7840 75 80 176
3864.1895 1307.2062 -111.7799  29.9782 75 109 176
3864.1895 1307.2062 -35.1645 117.9621 75 109 176
3864.1895 1307.2062 -104.0077 126.1996 75 109 176
3864.1895 1307.2062 -196.7787 -28.6719 75 109 176
3580.7802 629.2777 -90.6692 114.9239 102 109 195
3580.7802 629.2777 -111.9819 162.8616 102 109 195
3505.5478 497.3958 -159.6288 -43.3990 102 138 195
3505.5478 497.3958  33.4210 -219.3953 102 138 195
3505.5478 497.3958 -233.6062 -59.6176 102 138 195
5716.3977 1306.1331  63.8900 -189.7745 156 196 233
5716.3977 1306.1331 130.5457 162.3589 156 196 233
5716.3977 1306.1331 143.1169 -174.6645 156 196 233
5716.3977 1306.1331 231.4614   5.4420 156 196 233
5716.3977 1306.1331 168.1851 165.9023 156 196 233
5717.8105 1436.8051  49.4227 198.1042 156 196 252
5717.8105 1436.8051 177.3120 163.2641 156 196 252
5666.3184 2302.8829  63.4941 125.0493 183 225 15
5666.3184 2302.8829 184.7427 -36.8068 183 225 15
5666.3184 2302.8829  71.7893 201.8038 183 225 15
5666.3184 2302.8829  30.7511 215.6859 183 225 15
5666.3184 2302.8829 103.9994 200.8814 183 225 15
5520.6788 2589.9462  55.2104   0.6761 210 225 15
5520.6788 2589.9462 237.7179  46.3553 210 225 15
5448.2033 418.8846  39.6519 -246.3553 210 254 15
5398.1494 342.1559  61.5117 -196.6878 210 254 34
5398.1494 342.1559 151.5668 -157.1897 210 254 34
5689.5334 611.0823  56.1183 -127.5161 237 254 34
5633.0174 425.1749  78.5792 -111.1703 237 27 34
5633.0174 425.1749 206.9102 -134.4350 237 27 34
5633.0174 425.1749  39.3544 -243.6814 237 27 34
4906.5078 169.8994 168.7748  69.9629 8 27 53
4381.4275 214.0082 -187.4669 -88.9497 35 85 72
4381.4275 214.0082 -204.2324 -67.4578 35 85 72
4237.5121 365.3043 -166.1238 -83.8042 62 85 91
3752.4096 1337.1844 -200.6908 -140.2122 89 114 110
3490.1110 744.2016 -234.4447  21.0132 116 143 129
3490.1110 744.2016 -173.2223 165.6300 116 143 129
3468.7982 792.1393 -123.4662 173.4249 116 172 129
3345.9191 453.9969 -57.4185 -120.6244 116 172 148
3345.9191 453.9969 -12.2537 -149.2333 116 172 148
3538.9688 278.0005 -53.7200 -67.3173 143 172 148
3538.9688 278.0005 -92.5624 -87.0662 143 172 148
3538.9688 278.0005  37.9303 -129.9830 143 172 148
3538.9688 278.0005 122.5840 -57.5150 143 172 148
3538.9688 278.0005 142.6085   0.0823 143 172 148
3538.9688 278.0005 205.0054 -41.8320 143 172 148
3538.9688 278.0005  -1.4963 -247.7764 143 172 148
3271.9417 437.7783 -110.3224 204.0888 143 201 148
3271.9417 437.7783 -105.3662 -211.4831 143 201 148
5947.8591 1311.5751  63.0140 112.6148 143 201 167
5947.8591 1311.5751 164.5975  38.1621 143 201 167
5947.8591 1311.5751 182.0054 -64.4322 143 201 167
5947.8591 1311.5751  73.4044 -232.0484 143 201 167
5947.8591 1311.5751   7.3218 -247.5124 143 201 167
5884.5829 1472.0354 169.3943 150.4221 170 201 167
5895.1226 1600.0692 191.9815  32.8815 170 230 186
5729.8125 2427.9322 189.9707 -84.0192 197 230 186
5851.0612 2266.0760  92.4209 -15.2983 197 3 186
5851.0612 2266.0760 169.5236 -29.6136 197 3 186
5851.0612 2266.0760 116.2338 -172.6262 197 3 186
5697.0696 2518.5688 170.9893 159.8155 197 3 205
5758.3967 2636.3015 -28.7322 140.6906 224 3 205
5758.3967 2636.3015   1.6759 246.2903 224 3 205
5487.8552 172.5293  36.1677 -63.5496 224 32 205
5487.8552 172.5293  50.1959 -67.1950 224 32 205
5745.6517 483.5662 157.8019 -146.9706 251 32 224
5745.6517 483.5662 208.4014  68.9386 251 32 224
5672.3718 181.4935 177.0638 -17.1250 251 61 224
5075.2826 239.8623 104.3354 -149.7144 251 61 243
5075.2826 239.8623  46.6798 -225.9925 251 61 243
3551.7188 1196.9722 -76.6709 -93.5443 22 90 243
3551.7188 1196.9722 -79.0970 -116.7582 22 90 243
3551.7188 1196.9722 -58.8035 -144.3569 22 90 243
3255.6663 765.2149 -33.2037 128.1148 22 90 6
3255.6663 765.2149 -160.6106 -43.4986 22 90 6
3255.6663 765.2149 -200.1009 -72.6400 22 90 6
3485.2488 210.6832 -164.1856 -126.5237 49 90 6
3166.5755 226.2951 -40.2663 -27.1933 76 119 25
3166.5755 226.2951 -61.4700 -94.7247 76 119 25
3166.5755 226.2951 -68.7860 -113.5076 76 119 25
3166.5755 226.2951 -238.4653  18.2592 76 119 25
6010.8731 1424.1899 161.5923  45.1971 76 148 25
6010.8731 1424.1899 171.3718  88.5294 76 148 25
6010.8731 1424.1899 217.6512  73.5581 76 148 25
6112.4567 1349.7372  78.9585 -215.3599 76 148 44
6112.4567 1349.7372  -5.7063 -236.3694 76 148 44
6112.4567 1349.7372 237.8913  -6.7857 76 148 44
6129.8645 1247.1429 217.7409 -101.2108 103 148 44
6021.2636 1079.5267   4.8788 -237.8740 103 177 44
6053.9772 1622.4575 119.6716 134.0452 130 177 63
5919.7832 2343.9130  78.6968 164.0872 130 206 82
5919.7832 2343.9130 171.9816  80.2249 130 206 82
5919.7832 2343.9130  95.3191 179.4640 130 206 82
5919.7832 2343.9130 101.8384 189.0574 130 206 82
6020.5848 2236.4624 196.9183 -66.0672 157 235 82
5729.6645 2776.9921  18.8240 163.0588 157 235 101
5729.6645 2776.9921 148.8057 139.9316 157 235 101
5729.6645 2776.9921 -11.6203 215.3681 157 235 101
5729.6645 2776.9921 -125.7015 182.3284 157 235 101
5729.6645 2776.9921  34.5243 221.9674 157 235 101
5903.4535 336.5956  31.7320 -132.3255 184 235 101
5954.0531 552.5048  32.6696 130.0708 184 8 101
5954.0531 552.5048 155.5708 -14.2750 184 8 101
3126.3092 199.1018 -112.4810 -179.6447 238 37 139
3126.3092 199.1018 -196.7330 -82.6414 238 37 139
3126.3092 199.1018 -217.3456 -75.8123 238 37 139
3105.1054 131.5704 -195.2138 -110.8137 238 66 139
2928.1102 244.5543 -51.0588  40.1689 9 66 158
2928.1102 244.5543 -151.5302 -40.8175 9 66 158
2928.1102 244.5543 -148.2271 -80.1919 9 66 158
2928.1102 244.5543 -190.6585   8.4287 9 66 158
6350.3480 1342.9516 139.9985  -6.3053 9 95 158
6350.3480 1342.9516  10.6705 141.7257 9 95 158
6350.3480 1342.9516 176.0784 -19.5965 9 95 158
6350.3480 1342.9516 189.8903 101.6188 9 95 158
6347.6054 1145.9321 229.3092  16.2629 9 95 177
6026.1424 841.6527 170.4995 -39.6144 36 95 177
6026.1424 841.6527 182.3758  51.5893 36 95 177
6173.6488 1756.5027 139.8883 127.7484 36 124 177
6015.1023 2523.3769  39.8346  66.1911 36 124 196
6015.1023 2523.3769 136.4335  10.8688 36 124 196
6015.1023 2523.3769  30.5822 135.1094 36 124 196
6015.1023 2523.3769   7.4395 208.5207 36 124 196
5748.4885 2940.0509 153.0079  22.7235 63 124 196
5878.4702 2916.9237 115.3881 -77.1992 63 153 196
5718.0442 2992.3602 -241.6096 -60.1740 63 153 215
5935.1856 204.2702 138.7541 -73.8034 90 153 215
5935.1856 204.2702 -26.3166 -173.8797 90 153 215
2929.5762 116.4604 -234.1260   7.3145 90 182 234
6490.3465 1336.6463 141.8842 -154.5081 144 240 253
6540.2383 1444.5703 171.8335  70.8198 171 240 16
6540.2383 1444.5703 189.0624 -20.1970 171 240 16
6540.2383 1444.5703 203.1621  24.7270 171 240 16
6576.9146 1162.1950 137.0131 -167.1563 171 13 16
6576.9146 1162.1950  91.1510 -220.3734 171 13 16
6576.9146 1162.1950 -88.7278 -231.7487 171 13 16
6208.5182 893.2420 226.1405  -1.1856 171 13 35
6208.5182 893.2420 163.3200 -179.1420 171 13 35
6313.5371 1884.2511 104.4442  34.8886 198 13 35
6313.5371 1884.2511  89.0435 124.0276 198 13 35
6313.5371 1884.2511 168.5166 -128.2529 198 13 35
6151.5359 2534.2458 140.5265 -29.8500 198 42 35
6151.5359 2534.2458 132.9322  90.1846 198 42 35
6151.5359 2534.2458  88.6660 182.4303 198 42 35
6151.5359 2534.2458  23.4128 207.8267 198 42 35
6151.5359 2534.2458  26.1063 230.2608 198 42 35
6151.5359 2534.2458 202.2114 -120.4079 198 42 35
5476.4345 2932.1863 -14.8038 -61.0643 225 71 54
5476.4345 2932.1863 -223.9405 -13.9091 225 71 54
5476.4345 2932.1863 -231.3054  60.6360 225 71 54
6729.3007 1424.3733  44.7961 -68.6876 252 100 73
6729.3007 1424.3733  69.6225 -67.8948 252 100 73
6729.3007 1424.3733  80.4590  83.6863 252 100 73
6729.3007 1424.3733  94.5004  95.8060 252 100 73
6729.3007 1424.3733 118.8100  93.9915 252 100 73
6729.3007 1424.3733 165.4232 -172.5390 252 100 73
6729.3007 1424.3733  -9.9523 249.3308 252 100 73
6668.0656 941.8216  92.3536 -30.1242 23 100 92
6668.0656 941.8216 146.7550 -84.9649 23 100 92
6668.0656 941.8216 -166.8144 -45.9440 23 100 92
6668.0656 941.8216 -209.1870 -41.9029 23 100 92
6668.0656 941.8216 -117.7815 -215.1716 23 100 92
6488.1868 930.4463  34.3188 -231.0400 23 129 92
6371.8381 714.1000  16.8685 -123.9552 50 129 111
6371.8381 714.1000   6.6306 -208.5802 50 129 111
6417.9813 1919.1397 207.0908  -2.4141 50 158 111
6417.9813 1919.1397 -58.7593 241.2033 50 158 111
6292.0624 2504.3958 105.2137 118.5309 77 187 130
6292.0624 2504.3958 225.2580  85.7067 77 187 130
6284.4681 2624.4304 105.5349 140.6954 77 187 149
6284.4681 2624.4304  93.7889 185.7227 77 187 149
6174.9487 2742.0724  96.9845 190.6605 104 187 149
6174.9487 2742.0724  16.9262 224.3938 104 187 149
6174.9487 2742.0724 150.9028 184.6804 104 187 149
5252.4940 2918.2772 -30.3565 -30.0695 104 216 149
5252.4940 2918.2772 -78.3307 -49.7679 104 216 149
5252.4940 2918.2772 -90.1067 -70.5346 104 216 149
5252.4940 2918.2772 -70.4067 -128.1253 104 216 149
6774.0968 1355.6858 209.4371  -1.6022 131 216 168
6774.0968 1355.6858 226.6652 -41.2702 131 216 168
6798.9231 1356.4786 153.9534 -183.2223 131 245 168
6809.7597 1508.0596 166.7804 127.5517 131 245 187
6809.7597 1508.0596 247.7833  31.7780 131 245 187
6823.8010 1520.1794 -70.6758 233.7761 158 245 187
6894.7239 1251.8344  71.1654 -124.6367 158 18 206
6719.3484 1673.7041   5.5292 207.4779 185 18 206
6760.4192 911.6975 192.1569  76.2083 185 47 206
6814.8206 856.8567 150.6779 -101.1499 185 47 225
6814.8206 856.8567 183.1986 -100.1427 185 47 225
6814.8206 856.8567 214.7855 -71.9606 185 47 225
6814.8206 856.8567 -41.4261 -236.7519 185 47 225
6550.2841 726.6500 174.1130 -156.6395 212 47 225
6550.2841 726.6500 155.5549 -175.6960 212 47 225
6550.2841 726.6500  64.1279 -234.4073 212 47 225
6388.7066 590.1448  47.7855 -187.9937 212 76 244
6388.7066 590.1448 -57.0113 -194.4301 212 76 244
6388.7066 590.1448  32.3978 -208.6114 212 76 244
6359.2220 2160.3430 149.7732  91.0404 239 76 244
6359.2220 2160.3430 164.3423 114.2869 239 76 244
6359.2220 2160.3430 202.1182  44.5764 239 76 244
6397.2762 2622.9267 146.0032 168.6467 239 105 244
6517.3205 2590.1025 175.0187  32.6881 239 105 7
6517.3205 2590.1025 133.8322 144.6459 239 105 7
6517.3205 2590.1025 176.1355  96.1513 239 105 7
6517.3205 2590.1025  99.2802 215.9651 239 105 7
6390.0030 2765.1258  45.6407 220.0455 10 105 7
6976.5401 1635.6114  45.5875  73.0931 37 163 45
6976.5401 1635.6114 123.3960 -92.8262 37 163 45
6976.5401 1635.6114 143.2622  83.6015 37 163 45
6976.5401 1635.6114  66.6457 201.7778 37 163 45
6976.5401 1635.6114 210.3178 -69.3733 37 163 45
6976.5401 1635.6114 146.7860 172.0877 37 163 45
7057.5430 1539.8376 116.9026 -96.4952 64 163 45
7057.5430 1539.8376 236.5154  19.8759 64 163 45
7057.5430 1539.8376 205.7959 -132.0017 64 163 45
6773.3945 620.1048 -41.8351 -154.9332 91 221 83
6773.3945 620.1048 -67.4531 -165.5081 91 221 83
6773.3945 620.1048  78.4812 -180.3381 91 221 83
6773.3945 620.1048 193.8425 -42.6584 91 221 83
6773.3945 620.1048 -78.0485 -188.3492 91 221 83
6773.3945 620.1048 -32.9912 -217.1797 91 221 83
6773.3945 620.1048 -102.9732 -208.2097 91 221 83
6436.4921 402.1511  50.6216 -168.3467 118 250 83
6436.4921 402.1511  50.1554 -192.0403 118 250 83
6331.6953 395.7148 -61.9319 -238.4571 118 250 102
6523.5643 2274.6298  43.1225  53.1518 145 250 102
6523.5643 2274.6298 212.7747 -129.7539 145 250 102
6543.2794 2791.5734 117.8894  80.4845 145 23 102
6543.2794 2791.5734 155.5223 150.3669 145 23 102
6543.2794 2791.5734 185.9864 127.6587 145 23 102
6693.4560 2686.2538 230.9505 -55.7958 172 23 121
7022.1276 1708.7045  35.8082 228.4758 172 52 140
7099.9361 1542.7852 146.7173 -177.4286 199 52 140
7119.8024 1719.2129 222.6436  98.2093 199 81 140
7123.3261 1807.6990  98.2081 185.3004 199 81 159
7174.4456 1443.3424 149.0227 -111.4276 226 81 159
7174.4456 1443.3424 237.3003  60.6374 226 81 159
7263.3389 1407.8359 145.2183 -186.8402 226 110 178
6967.2370 577.4464 161.1176  71.3637 253 110 178
6695.3460 431.7556  57.1130 -189.9945 253 139 178
6487.1136 233.8044  78.7716 -123.8984 24 139 197
6487.1136 233.8044 -46.5713 -145.0671 24 139 197
6487.1136 233.8044 -75.0865 -168.7689 24 139 197
6487.1136 233.8044  36.2504 -215.4075 24 139 197
6487.1136 233.8044 -103.5144 -192.7618 24 139 197
6269.7634 157.2577 -46.9983 -63.0642 24 168 197
6566.6868 2327.7817 233.6725 -76.9022 24 168 216
6698.8017 2941.9402 227.6735 -65.3677 51 168 216
6924.4064 2630.4580  47.4423 151.6512 51 197 235
6924.4064 2630.4580 143.3792  79.6124 51 197 235
6924.4064 2630.4580 -75.4469 -192.2975 51 197 235
6924.4064 2630.4580 -72.2424 -209.8129 51 197 235
6924.4064 2630.4580 176.5578 -159.6676 51 197 235
7342.4459 1817.4222  26.9221  94.6923 78 226 235
7342.4459 1817.4222 145.7889 -40.6228 78 226 235
7342.4459 1817.4222 135.1387 173.6037 78 226 235
7323.4683 1331.9148 138.7067 -145.9130 78 226 254
7323.4683 1331.9148 155.9243 -127.3934 78 226 254
7323.4683 1331.9148   4.0431 -216.9469 78 226 254
6752.4590 241.7611 -43.4100 -204.8298 105 255 254
6752.4590 241.7611  50.6896 -221.6042 105 255 254
7067.7856 2710.0704 110.2626  64.7320 132 28 17
7067.7856 2710.0704  -4.4340 200.3857 132 28 17
6848.9595 2438.1606 -32.4770 -90.6694 132 28 36
7100.9642 2470.7905  77.7561   7.2027 159 57 36
7100.9642 2470.7905 167.2204  14.8231 159 57 36
7100.9642 2470.7905 183.5891 -142.9742 159 57 36
6709.0490  36.9313 173.9996 -31.8947 213 86 74
7178.0482 2774.8024 199.5489  55.4799 213 115 74
7178.0482 2774.8024 212.7915  -1.4971 213 115 74
7178.0482 2774.8024 215.4233  22.4785 213 115 74
7178.7204 2477.9932  53.2681 -230.0899 213 115 93
7284.5533 2327.8163 -91.8293 -158.0083 240 115 93
7284.5533 2327.8163 -29.6821 -206.9175 240 115 93
7284.5533 2327.8163  21.2768 -224.2559 240 115 93
7284.5533 2327.8163 116.3291 -206.5874 240 115 93
7284.5533 2327.8163 158.1291 179.2626 240 115 93
6883.0486   5.0366 129.7198 161.2595 240 144 93
7393.4715 2797.2809  85.3939 124.7908 240 144 112
7012.7684 166.2960   8.9353 100.9877 38 202 150
7012.7684 166.2960 103.2253 -46.5768 38 202 150
7012.7684 166.2960 211.0248  16.2655 38 202 150
